Edge	0	768	904	0	0	0	3	-1
	Sequence	+edge_1_0_+disjointig_1_0_5120 5120 1 5121 0 5120
Edge	1	724	757	0	0	0	3	-1
	Sequence	-edge_1_0_+disjointig_1_0_5120 5120 -1 5121 0 5120
Edge	10	815	798	0	0	0	1	-1
	Sequence	+edge_6_0_+disjointig_753_6429_14080 7651 713 26461 6429 14080
Edge	11	928	795	0	0	0	1	-1
	Sequence	-edge_6_0_+disjointig_753_6429_14080 7651 -713 26461 12380 20031
Edge	18	775	44	0	0	0	2	-1
	Sequence	+edge_10_0_+disjointig_240_11390_14330 2940 156 26111 11390 14330
Edge	19	45	790	0	0	0	2	-1
	Sequence	-edge_10_0_+disjointig_240_11390_14330 2940 -156 26111 11780 14720
Edge	22	759	1099	0	0	0	18	-1
	Sequence	+edge_12_0_+disjointig_101_10442_15357 4915 4 72418 10442 15357
	Sequence	+edge_12_1_+disjointig_101_46221_51085 4864 4 72418 46221 51085
	Sequence	+edge_12_2_-disjointig_923_10653_15556 4903 -897 19211 10653 15556
Edge	23	622	894	0	0	0	18	-1
	Sequence	-edge_12_0_+disjointig_101_10442_15357 4915 -4 72418 57060 61975
	Sequence	-edge_12_1_+disjointig_101_46221_51085 4864 -4 72418 21332 26196
	Sequence	-edge_12_2_-disjointig_923_10653_15556 4903 897 19211 3654 8557
Edge	26	1099	720	0	0	0	19	-1
	Sequence	+edge_14_0_+disjointig_101_15357_16083 726 4 72418 15357 16083
	Sequence	+edge_14_1_+disjointig_101_51085_51791 706 4 72418 51085 51791
	Sequence	+edge_14_2_-disjointig_923_15556_16259 703 -897 19211 15556 16259
	Sequence	+edge_14_3_-disjointig_931_15858_16569 711 -906 19708 15858 16569
Edge	27	769	622	0	0	0	19	-1
	Sequence	-edge_14_0_+disjointig_101_15357_16083 726 -4 72418 56334 57060
	Sequence	-edge_14_1_+disjointig_101_51085_51791 706 -4 72418 20626 21332
	Sequence	-edge_14_2_-disjointig_923_15556_16259 703 897 19211 2951 3654
	Sequence	-edge_14_3_-disjointig_931_15858_16569 711 906 19708 3138 3849
Edge	38	912	777	1	0	0	8	37
	Sequence	+edge_20_0_+disjointig_101_22271_24090 1819 4 72418 22271 24090
	Sequence	+edge_20_1_-disjointig_753_3710_5535 1825 -713 26461 3710 5535
Edge	39	933	472	1	0	0	8	36
	Sequence	-edge_20_0_+disjointig_101_22271_24090 1819 -4 72418 48327 50146
	Sequence	-edge_20_1_-disjointig_753_3710_5535 1825 713 26461 20925 22750
Edge	40	912	777	1	0	0	2	37
	Sequence	+edge_21_0_+disjointig_101_58078_60938 2860 4 72418 58078 60938
Edge	41	933	472	1	0	0	2	36
	Sequence	-edge_21_0_+disjointig_101_58078_60938 2860 -4 72418 11479 14339
Edge	42	32	37	0	0	0	8	-1
	Sequence	+edge_22_0_+disjointig_101_24090_26695 2605 4 72418 24090 26695
	Sequence	+edge_22_1_+disjointig_101_60938_63544 2606 4 72418 60938 63544
	Sequence	+edge_22_2_-disjointig_753_5535_8132 2597 -713 26461 5535 8132
Edge	43	35	193	0	0	0	8	-1
	Sequence	-edge_22_0_+disjointig_101_24090_26695 2605 -4 72418 45722 48327
	Sequence	-edge_22_1_+disjointig_101_60938_63544 2606 -4 72418 8873 11479
	Sequence	-edge_22_2_-disjointig_753_5535_8132 2597 713 26461 18328 20925
Edge	44	697	701	1	0	0	2	34
	Sequence	+edge_23_0_+disjointig_101_26695_28313 1618 4 72418 26695 28313
Edge	45	890	707	1	0	0	2	35
	Sequence	-edge_23_0_+disjointig_101_26695_28313 1618 -4 72418 44104 45722
Edge	46	697	701	1	0	0	8	34
	Sequence	+edge_24_0_+disjointig_101_63544_66355 2811 4 72418 63544 66355
	Sequence	+edge_24_1_-disjointig_753_8132_10937 2805 -713 26461 8132 10937
Edge	47	890	707	1	0	0	8	35
	Sequence	-edge_24_0_+disjointig_101_63544_66355 2811 -4 72418 6062 8873
	Sequence	-edge_24_1_-disjointig_753_8132_10937 2805 713 26461 15523 18328
Edge	48	546	46	0	0	0	9	-1
	Sequence	+edge_25_0_+disjointig_101_28313_29736 1423 4 72418 28313 29736
	Sequence	+edge_25_1_+disjointig_101_66355_67769 1414 4 72418 66355 67769
	Sequence	+edge_25_2_-disjointig_753_10937_12380 1443 -713 26461 10937 12380
Edge	49	766	36	0	0	0	9	-1
	Sequence	-edge_25_0_+disjointig_101_28313_29736 1423 -4 72418 42681 44104
	Sequence	-edge_25_1_+disjointig_101_66355_67769 1414 -4 72418 4648 6062
	Sequence	-edge_25_2_-disjointig_753_10937_12380 1443 713 26461 14080 15523
Edge	58	514	715	0	0	0	5	-1
	Sequence	+edge_30_0_+disjointig_103_0_2328 2328 6 2329 0 2328
Edge	59	764	987	0	0	0	5	-1
	Sequence	-edge_30_0_+disjointig_103_0_2328 2328 -6 2329 0 2328
Edge	64	776	1235	0	0	0	5	-1
	Sequence	+edge_33_0_+disjointig_106_0_35829 35829 9 35830 0 35829
Edge	65	672	779	0	0	0	5	-1
	Sequence	-edge_33_0_+disjointig_106_0_35829 35829 -9 35830 0 35829
Edge	72	1218	783	0	0	0	6	-1
	Sequence	+edge_37_0_+disjointig_110_0_11168 11168 13 11169 0 11168
Edge	73	804	1201	0	0	0	6	-1
	Sequence	-edge_37_0_+disjointig_110_0_11168 11168 -13 11169 0 11168
Edge	78	612	714	0	0	0	3	-1
	Sequence	+edge_40_0_+disjointig_113_0_24576 24576 16 24577 0 24576
Edge	79	803	781	0	0	0	3	-1
	Sequence	-edge_40_0_+disjointig_113_0_24576 24576 -16 24577 0 24576
Edge	80	1039	543	0	0	0	5	-1
	Sequence	+edge_41_0_+disjointig_114_0_36004 36004 17 36005 0 36004
Edge	81	814	539	0	0	0	5	-1
	Sequence	-edge_41_0_+disjointig_114_0_36004 36004 -17 36005 0 36004
Edge	100	702	871	0	0	0	7	-1
	Sequence	+edge_51_0_+disjointig_121_13576_56060 42484 25 56061 13576 56060
Edge	101	807	619	0	0	0	7	-1
	Sequence	-edge_51_0_+disjointig_121_13576_56060 42484 -25 56061 0 42484
Edge	104	821	679	0	0	0	5	-1
	Sequence	+edge_53_0_+disjointig_122_0_4404 4404 26 4405 0 4404
Edge	105	670	485	0	0	0	5	-1
	Sequence	-edge_53_0_+disjointig_122_0_4404 4404 -26 4405 0 4404
Edge	110	404	626	1	0	0	7	-1
	Sequence	+edge_56_0_+disjointig_125_937_6198 5261 29 14266 937 6198
	Sequence	+edge_56_1_+disjointig_436_1_5244 5243 367 55860 1 5244
Edge	111	628	1172	1	0	0	7	-1
	Sequence	-edge_56_0_+disjointig_125_937_6198 5261 -29 14266 8067 13328
	Sequence	-edge_56_1_+disjointig_436_1_5244 5243 -367 55860 50615 55858
Edge	112	626	1212	0	0	0	3	-1
	Sequence	+edge_57_0_+disjointig_125_6198_9932 3734 29 14266 6198 9932
Edge	113	924	628	0	0	0	3	-1
	Sequence	-edge_57_0_+disjointig_125_6198_9932 3734 -29 14266 4333 8067
Edge	114	626	1212	0	0	0	3	-1
	Sequence	+edge_58_0_+disjointig_436_5244_13647 8403 367 55860 5244 13647
Edge	115	924	628	0	0	0	3	-1
	Sequence	-edge_58_0_+disjointig_436_5244_13647 8403 -367 55860 42212 50615
Edge	120	662	658	0	0	0	3	-1
	Sequence	+edge_61_0_+disjointig_126_0_3750 3750 30 3751 0 3750
Edge	121	748	1179	0	0	0	3	-1
	Sequence	-edge_61_0_+disjointig_126_0_3750 3750 -30 3751 0 3750
Edge	124	564	653	1	0	0	2	55
	Sequence	+edge_63_0_+disjointig_127_3940_6864 2924 31 29927 3940 6864
	Sequence	+edge_63_1_+disjointig_566_26736_29652 2916 510 45246 26736 29652
Edge	125	730	843	1	0	0	2	54
	Sequence	-edge_63_0_+disjointig_127_3940_6864 2924 -31 29927 23062 25986
	Sequence	-edge_63_1_+disjointig_566_26736_29652 2916 -510 45246 15593 18509
Edge	126	843	535	1	0	0	1	54
	Sequence	+edge_64_0_-disjointig_566_18509_27376 8867 -510 45246 18509 27376
Edge	127	944	564	1	0	0	1	55
	Sequence	-edge_64_0_-disjointig_566_18509_27376 8867 510 45246 17869 26736
Edge	132	1026	462	0	0	0	5	-1
	Sequence	+edge_67_0_+disjointig_128_0_84550 84550 32 84551 0 84550
Edge	133	681	691	0	0	0	5	-1
	Sequence	-edge_67_0_+disjointig_128_0_84550 84550 -32 84551 0 84550
Edge	136	851	650	0	0	0	7	-1
	Sequence	+edge_69_0_+disjointig_13_1724_6064 4340 34 17451 1724 6064
	Sequence	+edge_69_1_-disjointig_543_38_4384 4346 -485 16592 38 4384
Edge	137	645	760	0	0	0	7	-1
	Sequence	-edge_69_0_+disjointig_13_1724_6064 4340 -34 17451 11386 15726
	Sequence	-edge_69_1_-disjointig_543_38_4384 4346 485 16592 12207 16553
Edge	138	1147	820	0	0	0	3	-1
	Sequence	+edge_70_0_+disjointig_13_6064_17450 11386 34 17451 6064 17450
Edge	139	895	1200	0	0	0	3	-1
	Sequence	-edge_70_0_+disjointig_13_6064_17450 11386 -34 17451 0 11386
Edge	140	650	816	0	0	0	9	-1
	Sequence	+edge_71_0_-disjointig_543_4384_14165 9781 -485 16592 4384 14165
Edge	141	1236	645	0	0	0	9	-1
	Sequence	-edge_71_0_-disjointig_543_4384_14165 9781 485 16592 2426 12207
Edge	142	1223	492	0	0	0	3	-1
	Sequence	+edge_72_0_+disjointig_130_0_38319 38319 35 38320 0 38319
Edge	143	973	641	0	0	0	3	-1
	Sequence	-edge_72_0_+disjointig_130_0_38319 38319 -35 38320 0 38319
Edge	152	634	484	0	0	0	1	-1
	Sequence	+edge_77_0_+disjointig_135_0_2457 2457 40 17852 0 2457
Edge	153	639	939	0	0	0	1	-1
	Sequence	-edge_77_0_+disjointig_135_0_2457 2457 -40 17852 15394 17851
Edge	154	484	948	0	0	0	6	-1
	Sequence	+edge_78_0_+disjointig_135_2457_4811 2354 40 17852 2457 4811
	Sequence	+edge_78_1_+disjointig_706_3242_5594 2352 663 11703 3242 5594
Edge	155	669	639	0	0	0	6	-1
	Sequence	-edge_78_0_+disjointig_135_2457_4811 2354 -40 17852 13040 15394
	Sequence	-edge_78_1_+disjointig_706_3242_5594 2352 -663 11703 6108 8460
Edge	176	711	414	0	0	0	3	-1
	Sequence	+edge_89_0_+disjointig_142_0_9974 9974 48 9975 0 9974
Edge	177	900	773	0	0	0	3	-1
	Sequence	-edge_89_0_+disjointig_142_0_9974 9974 -48 9975 0 9974
Edge	180	607	646	0	0	0	5	-1
	Sequence	+edge_91_0_+disjointig_144_0_40187 40187 50 40188 0 40187
Edge	181	763	741	0	0	0	5	-1
	Sequence	-edge_91_0_+disjointig_144_0_40187 40187 -50 40188 0 40187
Edge	190	866	909	0	0	0	4	-1
	Sequence	+edge_96_0_+disjointig_149_0_6280 6280 55 9880 0 6280
Edge	191	699	756	0	0	0	4	-1
	Sequence	-edge_96_0_+disjointig_149_0_6280 6280 -55 9880 3599 9879
Edge	192	909	1021	0	0	0	7	-1
	Sequence	+edge_97_0_+disjointig_149_6280_9122 2842 55 9880 6280 9122
	Sequence	+edge_97_1_-disjointig_179_7291_10128 2837 -88 10739 7291 10128
Edge	193	1022	699	0	0	0	7	-1
	Sequence	-edge_97_0_+disjointig_149_6280_9122 2842 -55 9880 757 3599
	Sequence	-edge_97_1_-disjointig_179_7291_10128 2837 88 10739 610 3447
Edge	200	846	848	0	0	0	3	-1
	Sequence	+edge_101_0_+disjointig_151_0_4454 4454 58 35260 0 4454
Edge	201	534	706	0	0	0	3	-1
	Sequence	-edge_101_0_+disjointig_151_0_4454 4454 -58 35260 30805 35259
Edge	202	848	663	0	0	0	7	-1
	Sequence	+edge_102_0_+disjointig_151_4454_10161 5707 58 35260 4454 10161
	Sequence	+edge_102_1_+disjointig_321_3478_9202 5724 243 34318 3478 9202
Edge	203	762	534	0	0	0	7	-1
	Sequence	-edge_102_0_+disjointig_151_4454_10161 5707 -58 35260 25098 30805
	Sequence	-edge_102_1_+disjointig_321_3478_9202 5724 -243 34318 25115 30839
Edge	206	663	606	0	0	0	5	-1
	Sequence	+edge_104_0_+disjointig_151_10161_35259 25098 58 35260 10161 35259
Edge	207	849	762	0	0	0	5	-1
	Sequence	-edge_104_0_+disjointig_151_10161_35259 25098 -58 35260 0 25098
Edge	216	862	952	1	0	0	5	50
	Sequence	+edge_109_0_+disjointig_154_2299_4849 2550 61 76468 2299 4849
Edge	217	664	863	1	0	0	5	51
	Sequence	-edge_109_0_+disjointig_154_2299_4849 2550 -61 76468 71618 74168
Edge	226	329	447	1	0	0	3	-1
	Sequence	+edge_114_0_+disjointig_154_7742_8313 571 61 76468 7742 8313
	Sequence	+edge_114_1_-disjointig_360_1772_2345 573 -285 47099 1772 2345
Edge	227	710	252	1	0	0	3	-1
	Sequence	-edge_114_0_+disjointig_154_7742_8313 571 -61 76468 68154 68725
	Sequence	-edge_114_1_-disjointig_360_1772_2345 573 285 47099 44753 45326
Edge	228	173	125	1	0	0	2	-1
	Sequence	+edge_115_0_-disjointig_360_37693_38442 749 -285 47099 37693 38442
	Sequence	+edge_115_1_-disjointig_360_9912_10635 723 -285 47099 9912 10635
Edge	229	124	105	1	0	0	2	-1
	Sequence	-edge_115_0_-disjointig_360_37693_38442 749 285 47099 8656 9405
	Sequence	-edge_115_1_-disjointig_360_9912_10635 723 285 47099 36463 37186
Edge	230	105	710	1	0	0	1	-1
	Sequence	+edge_116_0_+disjointig_360_37186_44753 7567 285 47099 37186 44753
Edge	231	447	173	1	0	0	1	-1
	Sequence	-edge_116_0_+disjointig_360_37186_44753 7567 -285 47099 2345 9912
Edge	234	50	954	0	0	0	4	-1
	Sequence	+edge_118_0_+disjointig_154_10256_15665 5409 61 76468 10256 15665
	Sequence	+edge_118_1_+disjointig_154_47940_52809 4869 61 76468 47940 52809
Edge	235	438	51	0	0	0	4	-1
	Sequence	-edge_118_0_+disjointig_154_10256_15665 5409 -61 76468 60802 66211
	Sequence	-edge_118_1_+disjointig_154_47940_52809 4869 -61 76468 23658 28527
Edge	254	1081	827	0	0	0	3	-1
	Sequence	+edge_128_0_+disjointig_155_0_14672 14672 62 14673 0 14672
Edge	255	1082	869	0	0	0	3	-1
	Sequence	-edge_128_0_+disjointig_155_0_14672 14672 -62 14673 0 14672
Edge	294	684	296	0	0	0	3	-1
	Sequence	+edge_148_0_+disjointig_688_4033_9265 5232 642 9266 4033 9265
Edge	295	295	854	0	0	0	3	-1
	Sequence	-edge_148_0_+disjointig_688_4033_9265 5232 -642 9266 0 5232
Edge	296	876	880	0	0	0	3	-1
	Sequence	+edge_149_0_+disjointig_165_0_15318 15318 73 15319 0 15318
Edge	297	746	879	0	0	0	3	-1
	Sequence	-edge_149_0_+disjointig_165_0_15318 15318 -73 15319 0 15318
Edge	300	834	839	0	0	0	3	-1
	Sequence	+edge_151_0_+disjointig_167_0_41467 41467 75 41468 0 41467
Edge	301	737	897	0	0	0	3	-1
	Sequence	-edge_151_0_+disjointig_167_0_41467 41467 -75 41468 0 41467
Edge	304	902	838	0	0	0	3	-1
	Sequence	+edge_153_0_+disjointig_169_0_21786 21786 77 21787 0 21786
Edge	305	419	439	0	0	0	3	-1
	Sequence	-edge_153_0_+disjointig_169_0_21786 21786 -77 21787 0 21786
Edge	306	1157	1159	0	0	0	3	-1
	Sequence	+edge_154_0_+disjointig_17_0_6553 6553 78 6554 0 6553
Edge	307	1161	1163	0	0	0	3	-1
	Sequence	-edge_154_0_+disjointig_17_0_6553 6553 -78 6554 0 6553
Edge	318	914	916	0	0	0	3	-1
	Sequence	+edge_160_0_+disjointig_175_0_5273 5273 84 5274 0 5273
Edge	319	919	1013	0	0	0	3	-1
	Sequence	-edge_160_0_+disjointig_175_0_5273 5273 -84 5274 0 5273
Edge	322	888	922	0	0	0	5	-1
	Sequence	+edge_162_0_+disjointig_177_0_8654 8654 86 8655 0 8654
Edge	323	1202	678	0	0	0	5	-1
	Sequence	-edge_162_0_+disjointig_177_0_8654 8654 -86 8655 0 8654
Edge	324	1029	1024	0	0	0	4	-1
	Sequence	+edge_163_0_+disjointig_178_0_5256 5256 87 5257 0 5256
Edge	325	923	930	0	0	0	4	-1
	Sequence	-edge_163_0_+disjointig_178_0_5256 5256 -87 5257 0 5256
Edge	328	926	767	0	0	0	4	-1
	Sequence	+edge_165_0_+disjointig_180_0_15688 15688 90 15689 0 15688
Edge	329	927	726	0	0	0	4	-1
	Sequence	-edge_165_0_+disjointig_180_0_15688 15688 -90 15689 0 15688
Edge	334	549	297	0	0	0	15	-1
	Sequence	+edge_168_0_+disjointig_183_0_2609 2609 93 20016 0 2609
Edge	335	157	613	0	0	0	15	-1
	Sequence	-edge_168_0_+disjointig_183_0_2609 2609 -93 20016 17406 20015
Edge	338	955	761	0	0	0	11	-1
	Sequence	+edge_170_0_+disjointig_258_16307_23094 6787 173 23095 16307 23094
Edge	339	1116	156	0	0	0	11	-1
	Sequence	-edge_170_0_+disjointig_258_16307_23094 6787 -173 23095 0 6787
Edge	340	184	1151	0	0	0	5	-1
	Sequence	+edge_171_0_+disjointig_183_11865_13055 1190 93 20016 11865 13055
Edge	341	213	792	0	0	0	5	-1
	Sequence	-edge_171_0_+disjointig_183_11865_13055 1190 -93 20016 6960 8150
Edge	342	983	101	0	0	0	3	-1
	Sequence	+edge_172_0_-disjointig_258_16054_17378 1324 -173 23095 16054 17378
Edge	343	1214	155	0	0	0	3	-1
	Sequence	-edge_172_0_-disjointig_258_16054_17378 1324 173 23095 5716 7040
Edge	350	935	936	0	0	0	16	-1
	Sequence	+edge_176_0_+disjointig_185_848_7118 6270 95 48743 848 7118
	Sequence	+edge_176_1_-disjointig_85_2_6248 6246 -818 16013 2 6248
Edge	351	885	861	0	0	0	16	-1
	Sequence	-edge_176_0_+disjointig_185_848_7118 6270 -95 48743 41624 47894
	Sequence	-edge_176_1_-disjointig_85_2_6248 6246 818 16013 9764 16010
Edge	354	936	100	0	0	0	6	-1
	Sequence	+edge_178_0_-disjointig_85_6248_13596 7348 -818 16013 6248 13596
Edge	355	212	885	0	0	0	6	-1
	Sequence	-edge_178_0_-disjointig_85_6248_13596 7348 818 16013 2416 9764
Edge	360	698	154	0	0	0	16	-1
	Sequence	+edge_181_0_+disjointig_187_0_4065 4065 97 35231 0 4065
Edge	361	152	941	0	0	0	16	-1
	Sequence	-edge_181_0_+disjointig_187_0_4065 4065 -97 35231 31165 35230
Edge	364	151	401	0	0	0	16	-1
	Sequence	+edge_183_0_-disjointig_57_80229_85087 4858 -514 85088 80229 85087
Edge	365	402	749	0	0	0	16	-1
	Sequence	-edge_183_0_-disjointig_57_80229_85087 4858 514 85088 0 4858
Edge	366	554	99	0	0	0	4	-1
	Sequence	+edge_184_0_+disjointig_187_6199_18538 12339 97 35231 6199 18538
Edge	367	496	153	0	0	0	4	-1
	Sequence	-edge_184_0_+disjointig_187_6199_18538 12339 -97 35231 16692 29031
Edge	368	432	409	0	0	0	6	-1
	Sequence	+edge_185_0_+disjointig_57_7004_18505 11501 514 85088 7004 18505
Edge	369	98	377	0	0	0	6	-1
	Sequence	-edge_185_0_+disjointig_57_7004_18505 11501 -514 85088 66582 78083
Edge	378	408	451	0	0	0	3	-1
	Sequence	+edge_190_0_+disjointig_19_0_9306 9306 100 9307 0 9306
Edge	379	943	683	0	0	0	3	-1
	Sequence	-edge_190_0_+disjointig_19_0_9306 9306 -100 9307 0 9306
Edge	380	750	945	0	0	0	3	-1
	Sequence	+edge_191_0_+disjointig_190_0_2678 2678 101 2679 0 2678
Edge	381	744	947	0	0	0	3	-1
	Sequence	-edge_191_0_+disjointig_190_0_2678 2678 -101 2679 0 2678
Edge	410	425	1035	0	0	0	3	-1
	Sequence	+edge_206_0_+disjointig_198_0_4847 4847 109 28480 0 4847
Edge	411	424	604	0	0	0	3	-1
	Sequence	-edge_206_0_+disjointig_198_0_4847 4847 -109 28480 23632 28479
Edge	412	1035	602	0	0	0	5	-1
	Sequence	+edge_207_0_+disjointig_198_4847_6943 2096 109 28480 4847 6943
	Sequence	+edge_207_1_+disjointig_467_4336_6438 2102 401 27454 4336 6438
Edge	413	601	424	0	0	0	5	-1
	Sequence	-edge_207_0_+disjointig_198_4847_6943 2096 -109 28480 21536 23632
	Sequence	-edge_207_1_+disjointig_467_4336_6438 2102 -401 27454 21015 23117
Edge	422	632	31	0	0	0	4	-1
	Sequence	+edge_212_0_+disjointig_199_3706_5856 2150 110 47010 3706 5856
	Sequence	+edge_212_1_+disjointig_199_39642_41809 2167 110 47010 39642 41809
Edge	423	29	674	0	0	0	4	-1
	Sequence	-edge_212_0_+disjointig_199_3706_5856 2150 -110 47010 41153 43303
	Sequence	-edge_212_1_+disjointig_199_39642_41809 2167 -110 47010 5200 7367
Edge	426	562	873	1	0	0	2	38
	Sequence	+edge_214_0_+disjointig_199_5856_6861 1005 110 47010 5856 6861
Edge	427	599	536	1	0	0	2	39
	Sequence	-edge_214_0_+disjointig_199_5856_6861 1005 -110 47010 40148 41153
Edge	428	562	873	1	0	0	5	38
	Sequence	+edge_215_0_+disjointig_199_41809_43010 1201 110 47010 41809 43010
Edge	429	599	536	1	0	0	5	39
	Sequence	-edge_215_0_+disjointig_199_41809_43010 1201 -110 47010 3999 5200
Edge	432	598	531	0	0	0	4	-1
	Sequence	+edge_217_0_+disjointig_2_0_3223 3223 111 3224 0 3223
Edge	433	805	597	0	0	0	4	-1
	Sequence	-edge_217_0_+disjointig_2_0_3223 3223 -111 3224 0 3223
Edge	438	608	593	0	0	0	6	-1
	Sequence	+edge_220_0_+disjointig_201_2_4417 4415 114 7574 2 4417
	Sequence	+edge_220_1_-disjointig_370_804_5216 4412 -295 12985 804 5216
Edge	439	590	584	0	0	0	6	-1
	Sequence	-edge_220_0_+disjointig_201_2_4417 4415 -114 7574 3156 7571
	Sequence	-edge_220_1_-disjointig_370_804_5216 4412 295 12985 7768 12180
Edge	446	583	582	0	0	0	3	-1
	Sequence	+edge_224_0_+disjointig_203_0_37507 37507 116 37508 0 37507
Edge	447	963	793	0	0	0	3	-1
	Sequence	-edge_224_0_+disjointig_203_0_37507 37507 -116 37508 0 37507
Edge	456	578	738	0	0	0	4	-1
	Sequence	+edge_229_0_+disjointig_206_0_17662 17662 119 39666 0 17662
Edge	457	577	802	0	0	0	4	-1
	Sequence	-edge_229_0_+disjointig_206_0_17662 17662 -119 39666 22003 39665
Edge	458	738	1231	0	0	0	8	-1
	Sequence	+edge_230_0_+disjointig_206_17662_22823 5161 119 39666 17662 22823
	Sequence	+edge_230_1_+disjointig_437_3220_8404 5184 368 22058 3220 8404
Edge	459	1233	577	0	0	0	8	-1
	Sequence	-edge_230_0_+disjointig_206_17662_22823 5161 -119 39666 16842 22003
	Sequence	-edge_230_1_+disjointig_437_3220_8404 5184 -368 22058 13653 18837
Edge	470	218	830	0	0	0	3	-1
	Sequence	+edge_236_0_+disjointig_222_10237_21164 10927 136 21165 10237 21164
Edge	471	587	177	0	0	0	3	-1
	Sequence	-edge_236_0_+disjointig_222_10237_21164 10927 -136 21165 0 10927
Edge	472	95	1010	0	0	0	3	-1
	Sequence	+edge_237_0_+disjointig_437_12023_22057 10034 368 22058 12023 22057
Edge	473	1131	490	0	0	0	3	-1
	Sequence	-edge_237_0_+disjointig_437_12023_22057 10034 -368 22058 0 10034
Edge	482	899	772	0	0	0	3	-1
	Sequence	+edge_242_0_+disjointig_211_0_27566 27566 124 27567 0 27566
Edge	483	563	723	0	0	0	3	-1
	Sequence	-edge_242_0_+disjointig_211_0_27566 27566 -124 27567 0 27566
Edge	486	828	559	0	0	0	3	-1
	Sequence	+edge_244_0_+disjointig_213_0_37423 37423 126 37424 0 37423
Edge	487	458	557	0	0	0	3	-1
	Sequence	-edge_244_0_+disjointig_213_0_37423 37423 -126 37424 0 37423
Edge	490	668	907	0	0	0	1	-1
	Sequence	+edge_246_0_+disjointig_215_0_4350 4350 128 30511 0 4350
Edge	491	555	627	0	0	0	1	-1
	Sequence	-edge_246_0_+disjointig_215_0_4350 4350 -128 30511 26160 30510
Edge	492	907	553	0	0	0	4	-1
	Sequence	+edge_247_0_+disjointig_215_4350_7045 2695 128 30511 4350 7045
	Sequence	+edge_247_1_-disjointig_888_15225_17875 2650 -860 38676 15225 17875
Edge	493	552	555	0	0	0	4	-1
	Sequence	-edge_247_0_+disjointig_215_4350_7045 2695 -128 30511 23465 26160
	Sequence	-edge_247_1_-disjointig_888_15225_17875 2650 860 38676 20800 23450
Edge	496	553	551	0	0	0	4	-1
	Sequence	+edge_249_0_+disjointig_215_7045_30510 23465 128 30511 7045 30510
Edge	497	718	552	0	0	0	4	-1
	Sequence	-edge_249_0_+disjointig_215_7045_30510 23465 -128 30511 0 23465
Edge	500	964	965	0	0	0	9	-1
	Sequence	+edge_251_0_+disjointig_216_0_13915 13915 129 13916 0 13915
Edge	501	791	550	0	0	0	9	-1
	Sequence	-edge_251_0_+disjointig_216_0_13915 13915 -129 13916 0 13915
Edge	508	570	631	0	0	0	7	-1
	Sequence	+edge_255_0_+disjointig_22_0_3850 3850 133 3851 0 3850
Edge	509	673	547	0	0	0	7	-1
	Sequence	-edge_255_0_+disjointig_22_0_3850 3850 -133 3851 0 3850
Edge	510	666	506	0	0	0	5	-1
	Sequence	+edge_256_0_+disjointig_220_0_5785 5785 134 5786 0 5785
Edge	511	575	573	0	0	0	5	-1
	Sequence	-edge_256_0_+disjointig_220_0_5785 5785 -134 5786 0 5785
Edge	516	1189	132	0	0	0	2	-1
	Sequence	+edge_259_0_-disjointig_432_12054_14214 2160 -363 48534 12054 14214
Edge	517	386	545	0	0	0	2	-1
	Sequence	-edge_259_0_-disjointig_432_12054_14214 2160 363 48534 34319 36479
Edge	518	91	464	0	0	0	3	-1
	Sequence	+edge_260_0_-disjointig_559_6029_9248 3219 -502 14253 6029 9248
Edge	519	758	90	0	0	0	3	-1
	Sequence	-edge_260_0_-disjointig_559_6029_9248 3219 502 14253 5004 8223
Edge	524	972	1246	0	0	0	3	-1
	Sequence	+edge_263_0_+disjointig_559_11854_14252 2398 502 14253 11854 14252
Edge	525	1247	393	0	0	0	3	-1
	Sequence	-edge_263_0_+disjointig_559_11854_14252 2398 -502 14253 0 2398
Edge	530	540	896	0	0	0	2	-1
	Sequence	+edge_266_0_+disjointig_432_12878_31531 18653 363 48534 12878 31531
Edge	531	735	676	0	0	0	2	-1
	Sequence	-edge_266_0_+disjointig_432_12878_31531 18653 -363 48534 17002 35655
Edge	540	824	808	0	0	0	6	-1
	Sequence	+edge_271_0_+disjointig_227_0_14254 14254 141 14255 0 14254
Edge	541	1155	1156	0	0	0	6	-1
	Sequence	-edge_271_0_+disjointig_227_0_14254 14254 -141 14255 0 14254
Edge	544	747	655	0	0	0	3	-1
	Sequence	+edge_273_0_+disjointig_229_0_13153 13153 143 13154 0 13153
Edge	545	533	532	0	0	0	3	-1
	Sequence	-edge_273_0_+disjointig_229_0_13153 13153 -143 13154 0 13153
Edge	546	530	648	0	0	0	7	-1
	Sequence	+edge_274_0_+disjointig_23_0_17253 17253 144 17254 0 17253
Edge	547	690	739	0	0	0	7	-1
	Sequence	-edge_274_0_+disjointig_23_0_17253 17253 -144 17254 0 17253
Edge	558	521	518	0	0	0	3	-1
	Sequence	+edge_280_0_+disjointig_235_0_4563 4563 150 4564 0 4563
Edge	559	516	513	0	0	0	3	-1
	Sequence	-edge_280_0_+disjointig_235_0_4563 4563 -150 4564 0 4563
Edge	560	512	88	0	0	0	3	-1
	Sequence	+edge_281_0_+disjointig_236_0_12477 12477 151 16193 0 12477
Edge	561	89	508	0	0	0	3	-1
	Sequence	-edge_281_0_+disjointig_236_0_12477 12477 -151 16193 3715 16192
Edge	568	504	743	0	0	0	3	-1
	Sequence	+edge_285_0_+disjointig_237_0_16585 16585 152 16586 0 16585
Edge	569	696	501	0	0	0	3	-1
	Sequence	-edge_285_0_+disjointig_237_0_16585 16585 -152 16586 0 16585
Edge	570	500	499	0	0	0	1	-1
	Sequence	+edge_286_0_+disjointig_238_0_12088 12088 153 21862 0 12088
Edge	571	870	937	0	0	0	1	-1
	Sequence	-edge_286_0_+disjointig_238_0_12088 12088 -153 21862 9773 21861
Edge	572	499	845	0	0	0	9	-1
	Sequence	+edge_287_0_+disjointig_238_12088_14128 2040 153 21862 12088 14128
	Sequence	+edge_287_1_+disjointig_84_9599_11633 2034 807 26614 9599 11633
Edge	573	847	870	0	0	0	9	-1
	Sequence	-edge_287_0_+disjointig_238_12088_14128 2040 -153 21862 7733 9773
	Sequence	-edge_287_1_+disjointig_84_9599_11633 2034 -807 26614 14980 17014
Edge	576	845	605	0	0	0	11	-1
	Sequence	+edge_289_0_+disjointig_238_14128_21861 7733 153 21862 14128 21861
Edge	577	603	847	0	0	0	11	-1
	Sequence	-edge_289_0_+disjointig_238_14128_21861 7733 -153 21862 0 7733
Edge	580	722	829	0	0	0	3	-1
	Sequence	+edge_291_0_+disjointig_239_0_14935 14935 154 14936 0 14935
Edge	581	497	528	0	0	0	3	-1
	Sequence	-edge_291_0_+disjointig_239_0_14935 14935 -154 14936 0 14935
Edge	584	835	482	1	0	0	5	-1
	Sequence	+edge_293_0_+disjointig_240_14330_16581 2251 156 26111 14330 16581
	Sequence	+edge_293_1_+disjointig_240_21602_23840 2238 156 26111 21602 23840
Edge	585	704	979	1	0	0	5	-1
	Sequence	-edge_293_0_+disjointig_240_14330_16581 2251 -156 26111 9529 11780
	Sequence	-edge_293_1_+disjointig_240_21602_23840 2238 -156 26111 2270 4508
Edge	586	979	704	1	0	0	2	-1
	Sequence	+edge_294_0_-disjointig_240_4508_9529 5021 -156 26111 4508 9529
Edge	587	482	835	1	0	0	2	-1
	Sequence	-edge_294_0_-disjointig_240_4508_9529 5021 156 26111 16581 21602
Edge	592	884	647	1	0	0	5	55
	Sequence	+edge_297_0_+disjointig_241_17873_18600 727 157 45238 17873 18600
	Sequence	+edge_297_1_-disjointig_441_35470_36414 944 -373 48300 35470 36414
Edge	593	689	491	1	0	0	5	54
	Sequence	-edge_297_0_+disjointig_241_17873_18600 727 -157 45238 26637 27364
	Sequence	-edge_297_1_-disjointig_441_35470_36414 944 373 48300 11885 12829
Edge	594	491	486	1	0	0	2	54
	Sequence	+edge_298_0_+disjointig_441_12829_33469 20640 373 48300 12829 33469
Edge	595	887	884	1	0	0	2	55
	Sequence	-edge_298_0_+disjointig_441_12829_33469 20640 -373 48300 14830 35470
Edge	598	541	527	1	0	0	1	54
	Sequence	+edge_300_0_-disjointig_566_4741_6268 1527 -510 45246 4741 6268
Edge	599	733	38	1	0	0	1	55
	Sequence	-edge_300_0_-disjointig_566_4741_6268 1527 510 45246 38977 40504
Edge	604	1244	1139	1	0	0	3	54
	Sequence	+edge_303_0_+disjointig_441_43463_45807 2344 373 48300 43463 45807
Edge	605	1140	1242	1	0	0	3	55
	Sequence	-edge_303_0_+disjointig_441_43463_45807 2344 -373 48300 2492 4836
Edge	606	1244	1139	1	0	0	2	54
	Sequence	+edge_304_0_-disjointig_566_37859_39611 1752 -510 45246 37859 39611
Edge	607	1140	1242	1	0	0	2	55
	Sequence	-edge_304_0_-disjointig_566_37859_39611 1752 510 45246 5634 7386
Edge	610	489	788	1	0	0	4	52
	Sequence	+edge_306_0_+disjointig_241_26913_27892 979 157 45238 26913 27892
Edge	611	487	488	1	0	0	4	53
	Sequence	-edge_306_0_+disjointig_241_26913_27892 979 -157 45238 17345 18324
Edge	612	489	788	1	0	0	2	52
	Sequence	+edge_307_0_-disjointig_441_10053_11394 1341 -373 48300 10053 11394
Edge	613	487	488	1	0	0	2	53
	Sequence	-edge_307_0_-disjointig_441_10053_11394 1341 373 48300 36905 38246
Edge	614	489	788	1	0	0	3	52
	Sequence	+edge_308_0_+disjointig_566_13267_15044 1777 510 45246 13267 15044
Edge	615	487	488	1	0	0	3	53
	Sequence	-edge_308_0_+disjointig_566_13267_15044 1777 -510 45246 30201 31978
Edge	616	87	719	0	0	0	3	-1
	Sequence	+edge_309_0_-disjointig_441_44591_48299 3708 -373 48300 44591 48299
Edge	617	652	394	0	0	0	3	-1
	Sequence	-edge_309_0_-disjointig_441_44591_48299 3708 373 48300 0 3708
Edge	622	944	887	1	0	0	4	55
	Sequence	+edge_312_0_+disjointig_241_30724_31335 611 157 45238 30724 31335
	Sequence	+edge_312_1_-disjointig_441_14199_14830 631 -373 48300 14199 14830
Edge	623	486	535	1	0	0	4	54
	Sequence	-edge_312_0_+disjointig_241_30724_31335 611 -157 45238 13902 14513
	Sequence	-edge_312_1_-disjointig_441_14199_14830 631 373 48300 33469 34100
Edge	656	471	665	0	0	0	4	-1
	Sequence	+edge_329_0_+disjointig_253_0_23249 23249 169 23250 0 23249
Edge	657	774	574	0	0	0	4	-1
	Sequence	-edge_329_0_+disjointig_253_0_23249 23249 -169 23250 0 23249
Edge	690	457	85	0	0	0	3	-1
	Sequence	+edge_346_0_+disjointig_27_0_18749 18749 185 69484 0 18749
Edge	691	86	454	0	0	0	3	-1
	Sequence	-edge_346_0_+disjointig_27_0_18749 18749 -185 69484 50734 69483
Edge	698	617	28	0	0	0	11	-1
	Sequence	+edge_350_0_+disjointig_27_20914_22713 1799 185 69484 20914 22713
	Sequence	+edge_350_1_+disjointig_430_13653_15485 1832 361 39422 13653 15485
	Sequence	+edge_350_2_+disjointig_62_33995_35763 1768 568 43650 33995 35763
	Sequence	+edge_350_3_-disjointig_864_7364_9121 1757 -834 14423 7364 9121
Edge	699	448	565	0	0	0	11	-1
	Sequence	-edge_350_0_+disjointig_27_20914_22713 1799 -185 69484 46770 48569
	Sequence	-edge_350_1_+disjointig_430_13653_15485 1832 -361 39422 23936 25768
	Sequence	-edge_350_2_+disjointig_62_33995_35763 1768 -568 43650 7886 9654
	Sequence	-edge_350_3_-disjointig_864_7364_9121 1757 834 14423 5301 7058
Edge	700	565	1180	0	0	0	5	-1
	Sequence	+edge_351_0_-disjointig_62_9654_14167 4513 -568 43650 9654 14167
Edge	701	359	617	0	0	0	5	-1
	Sequence	-edge_351_0_-disjointig_62_9654_14167 4513 568 43650 29482 33995
Edge	702	621	822	1	0	0	3	40
	Sequence	+edge_352_0_+disjointig_27_22713_31551 8838 185 69484 22713 31551
Edge	703	946	453	1	0	0	3	41
	Sequence	-edge_352_0_+disjointig_27_22713_31551 8838 -185 69484 37932 46770
Edge	704	621	822	1	0	0	3	40
	Sequence	+edge_353_0_+disjointig_430_15485_23837 8352 361 39422 15485 23837
Edge	705	946	453	1	0	0	3	41
	Sequence	-edge_353_0_+disjointig_430_15485_23837 8352 -361 39422 15584 23936
Edge	706	1069	1171	0	0	0	6	-1
	Sequence	+edge_354_0_+disjointig_62_35763_36441 678 568 43650 35763 36441
	Sequence	+edge_354_1_-disjointig_864_9121_9796 675 -834 14423 9121 9796
Edge	707	1153	695	0	0	0	6	-1
	Sequence	-edge_354_0_+disjointig_62_35763_36441 678 -568 43650 7208 7886
	Sequence	-edge_354_1_-disjointig_864_9121_9796 675 834 14423 4626 5301
Edge	714	445	443	0	0	0	3	-1
	Sequence	+edge_358_0_+disjointig_271_0_58807 58807 187 58808 0 58807
Edge	715	441	687	0	0	0	3	-1
	Sequence	-edge_358_0_+disjointig_271_0_58807 58807 -187 58808 0 58807
Edge	718	436	434	0	0	0	5	-1
	Sequence	+edge_360_0_+disjointig_273_0_5898 5898 189 5899 0 5898
Edge	719	433	978	0	0	0	5	-1
	Sequence	-edge_360_0_+disjointig_273_0_5898 5898 -189 5899 0 5898
Edge	742	1198	942	0	0	0	4	-1
	Sequence	+edge_372_0_+disjointig_281_0_13907 13907 198 13908 0 13907
Edge	743	1205	1206	0	0	0	4	-1
	Sequence	-edge_372_0_+disjointig_281_0_13907 13907 -198 13908 0 13907
Edge	752	610	420	1	0	0	2	45
	Sequence	+edge_377_0_+disjointig_285_3062_4844 1782 202 25823 3062 4844
Edge	753	864	422	1	0	0	2	44
	Sequence	-edge_377_0_+disjointig_285_3062_4844 1782 -202 25823 20978 22760
Edge	754	610	420	1	0	0	2	45
	Sequence	+edge_378_0_+disjointig_386_46581_48256 1675 312 66114 46581 48256
Edge	755	864	422	1	0	0	2	44
	Sequence	-edge_378_0_+disjointig_386_46581_48256 1675 -312 66114 17857 19532
Edge	758	728	649	1	0	0	5	42
	Sequence	+edge_380_0_+disjointig_285_8557_12954 4397 202 25823 8557 12954
Edge	759	642	745	1	0	0	5	43
	Sequence	-edge_380_0_+disjointig_285_8557_12954 4397 -202 25823 12868 17265
Edge	760	728	649	1	0	0	1	42
	Sequence	+edge_381_0_+disjointig_386_51966_56669 4703 312 66114 51966 56669
Edge	761	642	745	1	0	0	1	43
	Sequence	-edge_381_0_+disjointig_386_51966_56669 4703 -312 66114 9444 14147
Edge	774	468	657	0	0	0	3	-1
	Sequence	+edge_388_0_+disjointig_29_0_3826 3826 207 31232 0 3826
Edge	775	519	850	0	0	0	3	-1
	Sequence	-edge_388_0_+disjointig_29_0_3826 3826 -207 31232 27405 31231
Edge	778	84	1227	0	0	0	3	-1
	Sequence	+edge_390_0_-disjointig_829_3374_15387 12013 -795 15388 3374 15387
Edge	779	1226	83	0	0	0	3	-1
	Sequence	-edge_390_0_-disjointig_829_3374_15387 12013 795 15388 0 12013
Edge	794	415	150	1	0	0	1	-1
	Sequence	+edge_398_0_-disjointig_619_3351_5153 1802 -567 16015 3351 5153
Edge	795	874	625	1	0	0	1	-1
	Sequence	-edge_398_0_-disjointig_619_3351_5153 1802 567 16015 10861 12663
Edge	804	620	452	0	0	0	3	-1
	Sequence	+edge_403_0_+disjointig_295_0_14147 14147 213 14148 0 14147
Edge	805	638	406	0	0	0	3	-1
	Sequence	-edge_403_0_+disjointig_295_0_14147 14147 -213 14148 0 14147
Edge	812	920	1215	1	0	0	2	-1
	Sequence	+edge_407_0_+disjointig_299_0_22842 22842 217 28069 0 22842
Edge	813	148	654	1	0	0	2	-1
	Sequence	-edge_407_0_+disjointig_299_0_22842 22842 -217 28069 5226 28068
Edge	816	515	667	1	0	0	1	-1
	Sequence	+edge_409_0_+disjointig_299_25025_25797 772 217 28069 25025 25797
Edge	817	505	149	1	0	0	1	-1
	Sequence	-edge_409_0_+disjointig_299_25025_25797 772 -217 28069 2271 3043
Edge	818	594	667	1	0	0	2	-1
	Sequence	+edge_410_0_-disjointig_619_7352_9802 2450 -567 16015 7352 9802
Edge	819	505	918	1	0	0	2	-1
	Sequence	-edge_410_0_-disjointig_619_7352_9802 2450 567 16015 6212 8662
Edge	828	797	403	1	0	0	3	-1
	Sequence	+edge_415_0_+disjointig_30_2513_5406 2893 219 84915 2513 5406
	Sequence	+edge_415_1_+disjointig_30_75727_78632 2905 219 84915 75727 78632
Edge	829	616	872	1	0	0	3	-1
	Sequence	-edge_415_0_+disjointig_30_2513_5406 2893 -219 84915 79508 82401
	Sequence	-edge_415_1_+disjointig_30_75727_78632 2905 -219 84915 6282 9187
Edge	830	253	147	1	0	0	1	-1
	Sequence	+edge_416_0_+disjointig_30_41064_47544 6480 219 84915 41064 47544
Edge	831	146	537	1	0	0	1	-1
	Sequence	-edge_416_0_+disjointig_30_41064_47544 6480 -219 84915 37370 43850
Edge	832	872	1102	1	0	0	1	-1
	Sequence	+edge_417_0_-disjointig_30_9187_19482 10295 -219 84915 9187 19482
Edge	833	208	797	1	0	0	1	-1
	Sequence	-edge_417_0_-disjointig_30_9187_19482 10295 219 84915 65432 75727
Edge	836	403	145	1	0	0	2	-1
	Sequence	+edge_419_0_+disjointig_30_5406_9755 4349 219 84915 5406 9755
Edge	837	905	616	1	0	0	2	-1
	Sequence	-edge_419_0_+disjointig_30_5406_9755 4349 -219 84915 75159 79508
Edge	842	144	142	1	0	0	2	-1
	Sequence	+edge_422_0_+disjointig_30_12016_18016 6000 219 84915 12016 18016
Edge	843	901	143	1	0	0	2	-1
	Sequence	-edge_422_0_+disjointig_30_12016_18016 6000 -219 84915 66898 72898
Edge	844	558	1090	1	0	0	2	-1
	Sequence	+edge_423_0_+disjointig_30_49795_54121 4326 219 84915 49795 54121
Edge	845	1208	929	1	0	0	2	-1
	Sequence	-edge_423_0_+disjointig_30_49795_54121 4326 -219 84915 30793 35119
Edge	848	400	204	1	0	0	2	-1
	Sequence	+edge_425_0_+disjointig_30_21304_28133 6829 219 84915 21304 28133
Edge	849	138	141	1	0	0	2	-1
	Sequence	-edge_425_0_+disjointig_30_21304_28133 6829 -219 84915 56781 63610
Edge	850	225	339	1	0	0	1	-1
	Sequence	+edge_426_0_+disjointig_30_57385_63424 6039 219 84915 57385 63424
Edge	851	524	140	1	0	0	1	-1
	Sequence	-edge_426_0_+disjointig_30_57385_63424 6039 -219 84915 21490 27529
Edge	882	1100	971	0	0	0	7	-1
	Sequence	+edge_442_0_+disjointig_31_0_42437 42437 230 42438 0 42437
Edge	883	915	917	0	0	0	7	-1
	Sequence	-edge_442_0_+disjointig_31_0_42437 42437 -230 42438 0 42437
Edge	888	975	976	0	0	0	4	-1
	Sequence	+edge_445_0_+disjointig_312_0_5687 5687 233 5688 0 5687
Edge	889	771	977	0	0	0	4	-1
	Sequence	-edge_445_0_+disjointig_312_0_5687 5687 -233 5688 0 5687
Edge	892	980	956	0	0	0	6	-1
	Sequence	+edge_447_0_+disjointig_314_0_14574 14574 235 14575 0 14574
Edge	893	957	981	0	0	0	6	-1
	Sequence	-edge_447_0_+disjointig_314_0_14574 14574 -235 14575 0 14574
Edge	894	951	953	0	0	0	3	-1
	Sequence	+edge_448_0_+disjointig_315_0_15297 15297 236 15298 0 15297
Edge	895	982	1002	0	0	0	3	-1
	Sequence	-edge_448_0_+disjointig_315_0_15297 15297 -236 15298 0 15297
Edge	904	736	207	1	0	0	3	-1
	Sequence	+edge_453_0_+disjointig_32_0_28995 28995 241 46354 0 28995
Edge	905	1103	656	1	0	0	3	-1
	Sequence	-edge_453_0_+disjointig_32_0_28995 28995 -241 46354 17358 46353
Edge	908	206	677	1	0	0	1	-1
	Sequence	+edge_455_0_+disjointig_374_16454_22804 6350 299 37710 16454 22804
Edge	909	1107	389	1	0	0	1	-1
	Sequence	-edge_455_0_+disjointig_374_16454_22804 6350 -299 37710 14905 21255
Edge	910	338	463	1	0	0	1	-1
	Sequence	+edge_456_0_+disjointig_32_31817_41330 9513 241 46354 31817 41330
Edge	911	836	517	1	0	0	1	-1
	Sequence	-edge_456_0_+disjointig_32_31817_41330 9513 -241 46354 5023 14536
Edge	912	137	463	1	0	0	3	-1
	Sequence	+edge_457_0_-disjointig_374_24094_32351 8257 -299 37710 24094 32351
Edge	913	836	136	1	0	0	3	-1
	Sequence	-edge_457_0_-disjointig_374_24094_32351 8257 299 37710 5358 13615
Edge	914	463	984	1	0	0	22	-1
	Sequence	+edge_458_0_+disjointig_32_41330_43757 2427 241 46354 41330 43757
	Sequence	+edge_458_1_-disjointig_374_32351_34949 2598 -299 37710 32351 34949
	Sequence	+edge_458_2_+disjointig_47_31503_34035 2532 404 37644 31503 34035
	Sequence	+edge_458_3_-disjointig_632_33301_35858 2557 -582 38665 33301 35858
	Sequence	+edge_458_4_-disjointig_711_23863_26491 2628 -669 29480 23863 26491
	Sequence	+edge_458_5_-disjointig_733_34627_36509 1882 -692 39643 34627 36509
Edge	915	986	836	1	0	0	22	-1
	Sequence	-edge_458_0_+disjointig_32_41330_43757 2427 -241 46354 2596 5023
	Sequence	-edge_458_1_-disjointig_374_32351_34949 2598 299 37710 2760 5358
	Sequence	-edge_458_2_+disjointig_47_31503_34035 2532 -404 37644 3608 6140
	Sequence	-edge_458_3_-disjointig_632_33301_35858 2557 582 38665 2806 5363
	Sequence	-edge_458_4_-disjointig_711_23863_26491 2628 669 29480 2988 5616
	Sequence	-edge_458_5_-disjointig_733_34627_36509 1882 692 39643 3133 5015
Edge	916	836	677	1	0	0	2	-1
	Sequence	+edge_459_0_+disjointig_632_5363_24074 18711 582 38665 5363 24074
Edge	917	1107	463	1	0	0	2	-1
	Sequence	-edge_459_0_+disjointig_632_5363_24074 18711 -582 38665 14590 33301
Edge	918	836	677	1	0	0	2	-1
	Sequence	+edge_460_0_+disjointig_711_5616_22199 16583 669 29480 5616 22199
Edge	919	1107	463	1	0	0	2	-1
	Sequence	-edge_460_0_+disjointig_711_5616_22199 16583 -669 29480 7280 23863
Edge	920	836	950	0	0	0	5	-1
	Sequence	+edge_461_0_-disjointig_47_6140_16743 10603 -404 37644 6140 16743
Edge	921	1175	463	0	0	0	5	-1
	Sequence	-edge_461_0_-disjointig_47_6140_16743 10603 404 37644 20900 31503
Edge	922	836	378	1	0	0	1	-1
	Sequence	+edge_462_0_+disjointig_733_5015_13136 8121 692 39643 5015 13136
Edge	923	379	463	1	0	0	1	-1
	Sequence	-edge_462_0_+disjointig_733_5015_13136 8121 -692 39643 26506 34627
Edge	926	1207	1072	0	0	0	3	-1
	Sequence	+edge_464_0_-disjointig_374_34949_37709 2760 -299 37710 34949 37709
Edge	927	1071	1075	0	0	0	3	-1
	Sequence	-edge_464_0_-disjointig_374_34949_37709 2760 299 37710 0 2760
Edge	936	474	857	0	0	0	3	-1
	Sequence	+edge_469_0_+disjointig_322_0_4283 4283 244 4284 0 4283
Edge	937	988	989	0	0	0	3	-1
	Sequence	-edge_469_0_+disjointig_322_0_4283 4283 -244 4284 0 4283
Edge	938	990	992	0	0	0	3	-1
	Sequence	+edge_470_0_+disjointig_323_0_2977 2977 245 2978 0 2977
Edge	939	993	994	0	0	0	3	-1
	Sequence	-edge_470_0_+disjointig_323_0_2977 2977 -245 2978 0 2977
Edge	940	995	996	0	0	0	3	-1
	Sequence	+edge_471_0_+disjointig_324_0_28727 28727 246 28728 0 28727
Edge	941	997	998	0	0	0	3	-1
	Sequence	-edge_471_0_+disjointig_324_0_28727 28727 -246 28728 0 28727
Edge	944	503	502	0	0	0	6	-1
	Sequence	+edge_473_0_+disjointig_326_0_7622 7622 248 7623 0 7622
Edge	945	999	1049	0	0	0	6	-1
	Sequence	-edge_473_0_+disjointig_326_0_7622 7622 -248 7623 0 7622
Edge	952	1003	1005	0	0	0	3	-1
	Sequence	+edge_477_0_+disjointig_330_0_13058 13058 252 13059 0 13058
Edge	953	1008	784	0	0	0	3	-1
	Sequence	-edge_477_0_+disjointig_330_0_13058 13058 -252 13059 0 13058
Edge	968	1018	1019	0	0	0	3	-1
	Sequence	+edge_485_0_+disjointig_335_0_12012 12012 257 12013 0 12012
Edge	969	1020	633	0	0	0	3	-1
	Sequence	-edge_485_0_+disjointig_335_0_12012 12012 -257 12013 0 12012
Edge	982	1108	1109	0	0	0	4	-1
	Sequence	+edge_492_0_+disjointig_341_0_13959 13959 264 13960 0 13959
Edge	983	1030	1025	0	0	0	4	-1
	Sequence	-edge_492_0_+disjointig_341_0_13959 13959 -264 13960 0 13959
Edge	988	1032	1110	0	0	0	4	-1
	Sequence	+edge_495_0_+disjointig_344_0_32106 32106 267 32107 0 32106
Edge	989	1112	1033	0	0	0	4	-1
	Sequence	-edge_495_0_+disjointig_344_0_32106 32106 -267 32107 0 32106
Edge	992	731	1034	0	0	0	6	-1
	Sequence	+edge_497_0_+disjointig_346_0_14430 14430 269 14431 0 14430
Edge	993	495	1036	0	0	0	6	-1
	Sequence	-edge_497_0_+disjointig_346_0_14430 14430 -269 14431 0 14430
Edge	1000	509	1042	0	0	0	3	-1
	Sequence	+edge_501_0_+disjointig_35_0_13621 13621 273 13622 0 13621
Edge	1001	1043	1045	0	0	0	3	-1
	Sequence	-edge_501_0_+disjointig_35_0_13621 13621 -273 13622 0 13621
Edge	1002	1046	1047	0	0	0	3	-1
	Sequence	+edge_502_0_+disjointig_350_0_27141 27141 274 27142 0 27141
Edge	1003	1048	931	0	0	0	3	-1
	Sequence	-edge_502_0_+disjointig_350_0_27141 27141 -274 27142 0 27141
Edge	1020	1050	121	0	0	0	1	-1
	Sequence	+edge_511_0_+disjointig_358_3040_12842 9802 282 54222 3040 12842
Edge	1021	312	1051	0	0	0	1	-1
	Sequence	-edge_511_0_+disjointig_358_3040_12842 9802 -282 54222 41379 51181
Edge	1022	120	1014	0	0	0	1	-1
	Sequence	+edge_512_0_+disjointig_358_19567_50310 30743 282 54222 19567 50310
Edge	1023	1054	119	0	0	0	1	-1
	Sequence	-edge_512_0_+disjointig_358_19567_50310 30743 -282 54222 3911 34654
Edge	1026	1056	1057	0	0	0	3	-1
	Sequence	+edge_514_0_+disjointig_359_0_15451 15451 283 15452 0 15451
Edge	1027	1058	1059	0	0	0	3	-1
	Sequence	-edge_514_0_+disjointig_359_0_15451 15451 -283 15452 0 15451
Edge	1032	1061	1062	0	0	0	5	-1
	Sequence	+edge_517_0_+disjointig_362_0_17379 17379 287 17380 0 17379
Edge	1033	810	970	0	0	0	5	-1
	Sequence	-edge_517_0_+disjointig_362_0_17379 17379 -287 17380 0 17379
Edge	1036	1065	1066	0	0	0	3	-1
	Sequence	+edge_519_0_+disjointig_365_0_24011 24011 289 24012 0 24011
Edge	1037	1067	1068	0	0	0	3	-1
	Sequence	-edge_519_0_+disjointig_365_0_24011 24011 -289 24012 0 24011
Edge	1056	1107	1174	1	0	0	4	-1
	Sequence	+edge_529_0_+disjointig_47_17078_18716 1638 404 37644 17078 18716
Edge	1057	1074	677	1	0	0	4	-1
	Sequence	-edge_529_0_+disjointig_47_17078_18716 1638 -404 37644 18927 20565
Edge	1058	1107	1174	1	0	0	2	-1
	Sequence	+edge_530_0_+disjointig_600_16465_18843 2378 548 40176 16465 18843
Edge	1059	1074	677	1	0	0	2	-1
	Sequence	-edge_530_0_+disjointig_600_16465_18843 2378 -548 40176 21332 23710
Edge	1060	1107	523	1	0	0	1	-1
	Sequence	+edge_531_0_-disjointig_733_16543_17742 1199 -692 39643 16543 17742
Edge	1061	525	677	1	0	0	1	-1
	Sequence	-edge_531_0_-disjointig_733_16543_17742 1199 692 39643 21900 23099
Edge	1062	1107	523	1	0	0	1	-1
	Sequence	+edge_532_0_+disjointig_819_15181_16641 1460 785 38457 15181 16641
Edge	1063	525	677	1	0	0	1	-1
	Sequence	-edge_532_0_+disjointig_819_15181_16641 1460 -785 38457 21815 23275
Edge	1074	1076	961	1	0	0	3	56
	Sequence	+edge_538_0_+disjointig_374_29758_31033 1275 299 37710 29758 31033
Edge	1075	800	794	1	0	0	3	57
	Sequence	-edge_538_0_+disjointig_374_29758_31033 1275 -299 37710 6676 7951
Edge	1076	1076	961	1	0	0	9	56
	Sequence	+edge_539_0_-disjointig_47_27403_30757 3354 -404 37644 27403 30757
	Sequence	+edge_539_1_-disjointig_600_30438_33864 3426 -548 40176 30438 33864
	Sequence	+edge_539_2_+disjointig_632_30332_33638 3306 582 38665 30332 33638
	Sequence	+edge_539_3_+disjointig_733_29837_33191 3354 692 39643 29837 33191
	Sequence	+edge_539_4_-disjointig_819_29646_32987 3341 -785 38457 29646 32987
Edge	1077	800	794	1	0	0	9	57
	Sequence	-edge_539_0_-disjointig_47_27403_30757 3354 404 37644 6886 10240
	Sequence	-edge_539_1_-disjointig_600_30438_33864 3426 548 40176 6311 9737
	Sequence	-edge_539_2_+disjointig_632_30332_33638 3306 -582 38665 5026 8332
	Sequence	-edge_539_3_+disjointig_733_29837_33191 3354 -692 39643 6451 9805
	Sequence	-edge_539_4_-disjointig_819_29646_32987 3341 785 38457 5469 8810
Edge	1082	82	1079	0	0	0	6	-1
	Sequence	+edge_542_0_+disjointig_374_34207_34742 535 299 37710 34207 34742
	Sequence	+edge_542_1_-disjointig_47_33945_34519 574 -404 37644 33945 34519
Edge	1083	1080	81	0	0	0	6	-1
	Sequence	-edge_542_0_+disjointig_374_34207_34742 535 -299 37710 2967 3502
	Sequence	-edge_542_1_-disjointig_47_33945_34519 574 404 37644 3124 3698
Edge	1084	1077	440	1	0	0	15	-1
	Sequence	+edge_543_0_-disjointig_600_36871_37688 817 -548 40176 36871 37688
	Sequence	+edge_543_1_+disjointig_632_36531_37284 753 582 38665 36531 37284
	Sequence	+edge_543_2_-disjointig_819_36006_36828 822 -785 38457 36006 36828
Edge	1085	442	1078	1	0	0	15	-1
	Sequence	-edge_543_0_-disjointig_600_36871_37688 817 548 40176 2487 3304
	Sequence	-edge_543_1_+disjointig_632_36531_37284 753 -582 38665 1380 2133
	Sequence	-edge_543_2_-disjointig_819_36006_36828 822 785 38457 1628 2450
Edge	1088	1079	883	0	0	0	3	-1
	Sequence	+edge_545_0_+disjointig_374_34742_37709 2967 299 37710 34742 37709
Edge	1089	561	1080	0	0	0	3	-1
	Sequence	-edge_545_0_+disjointig_374_34742_37709 2967 -299 37710 0 2967
Edge	1104	717	1086	0	0	0	6	-1
	Sequence	+edge_553_0_+disjointig_380_0_13605 13605 306 13606 0 13605
Edge	1105	1088	1089	0	0	0	6	-1
	Sequence	-edge_553_0_+disjointig_380_0_13605 13605 -306 13606 0 13605
Edge	1122	1092	1093	0	0	0	3	-1
	Sequence	+edge_562_0_+disjointig_39_0_40748 40748 316 40749 0 40748
Edge	1123	1216	1197	0	0	0	3	-1
	Sequence	-edge_562_0_+disjointig_39_0_40748 40748 -316 40749 0 40748
Edge	1142	467	855	0	0	0	7	-1
	Sequence	+edge_572_0_+disjointig_398_10928_14028 3100 325 18791 10928 14028
	Sequence	+edge_572_1_+disjointig_447_11427_14531 3104 379 20155 11427 14531
Edge	1143	1070	529	0	0	0	7	-1
	Sequence	-edge_572_0_+disjointig_398_10928_14028 3100 -325 18791 4762 7862
	Sequence	-edge_572_1_+disjointig_447_11427_14531 3104 -379 20155 5623 8727
Edge	1154	1210	581	0	0	0	3	-1
	Sequence	+edge_578_0_+disjointig_40_0_16888 16888 328 16889 0 16888
Edge	1155	868	1096	0	0	0	3	-1
	Sequence	-edge_578_0_+disjointig_40_0_16888 16888 -328 16889 0 16888
Edge	1168	1063	826	0	0	0	4	-1
	Sequence	+edge_585_0_+disjointig_406_0_3259 3259 335 3260 0 3259
Edge	1169	455	1101	0	0	0	4	-1
	Sequence	-edge_585_0_+disjointig_406_0_3259 3259 -335 3260 0 3259
Edge	1178	932	1104	1	0	0	3	18
	Sequence	+edge_590_0_+disjointig_41_12139_12943 804 339 66111 12139 12943
Edge	1179	135	498	1	0	0	3	19
	Sequence	-edge_590_0_+disjointig_41_12139_12943 804 -339 66111 53167 53971
Edge	1180	932	387	1	0	0	5	18
	Sequence	+edge_591_0_+disjointig_41_51967_53713 1746 339 66111 51967 53713
Edge	1181	643	498	1	0	0	5	19
	Sequence	-edge_591_0_+disjointig_41_51967_53713 1746 -339 66111 12397 14143
Edge	1186	388	1105	1	0	0	3	18
	Sequence	+edge_594_0_+disjointig_41_15140_17381 2241 339 66111 15140 17381
Edge	1187	1106	330	1	0	0	3	19
	Sequence	-edge_594_0_+disjointig_41_15140_17381 2241 -339 66111 48729 50970
Edge	1188	134	1105	1	0	0	5	18
	Sequence	+edge_595_0_+disjointig_41_55911_59443 3532 339 66111 55911 59443
Edge	1189	1106	133	1	0	0	5	19
	Sequence	-edge_595_0_+disjointig_41_55911_59443 3532 -339 66111 6667 10199
Edge	1204	418	1031	0	0	0	8	-1
	Sequence	+edge_603_0_+disjointig_417_0_30087 30087 346 30088 0 30087
Edge	1205	1111	1113	0	0	0	8	-1
	Sequence	-edge_603_0_+disjointig_417_0_30087 30087 -346 30088 0 30087
Edge	1208	852	853	0	0	0	3	-1
	Sequence	+edge_605_0_+disjointig_419_0_23140 23140 348 23141 0 23140
Edge	1209	856	786	0	0	0	3	-1
	Sequence	-edge_605_0_+disjointig_419_0_23140 23140 -348 23141 0 23140
Edge	1216	1143	1117	0	0	0	3	-1
	Sequence	+edge_609_0_+disjointig_422_0_24422 24422 352 24423 0 24422
Edge	1217	1145	1119	0	0	0	3	-1
	Sequence	-edge_609_0_+disjointig_422_0_24422 24422 -352 24423 0 24422
Edge	1232	765	1123	0	0	0	5	-1
	Sequence	+edge_617_0_+disjointig_43_0_49830 49830 360 49831 0 49830
Edge	1233	1124	1125	0	0	0	5	-1
	Sequence	-edge_617_0_+disjointig_43_0_49830 49830 -360 49831 0 49830
Edge	1240	131	1245	0	0	0	4	-1
	Sequence	+edge_621_0_-disjointig_559_12040_14252 2212 -502 14253 12040 14252
Edge	1241	1040	382	0	0	0	4	-1
	Sequence	-edge_621_0_-disjointig_559_12040_14252 2212 502 14253 0 2212
Edge	1244	959	1136	0	0	0	5	-1
	Sequence	+edge_623_0_+disjointig_435_0_35814 35814 366 35815 0 35814
Edge	1245	1129	840	0	0	0	5	-1
	Sequence	-edge_623_0_+disjointig_435_0_35814 35814 -366 35815 0 35814
Edge	1246	1133	1134	0	0	0	3	-1
	Sequence	+edge_624_0_+disjointig_438_0_15670 15670 369 15671 0 15670
Edge	1247	716	1135	0	0	0	3	-1
	Sequence	-edge_624_0_+disjointig_438_0_15670 15670 -369 15671 0 15670
Edge	1250	823	624	0	0	0	8	-1
	Sequence	+edge_626_0_+disjointig_44_0_14452 14452 371 14453 0 14452
Edge	1251	685	1137	0	0	0	8	-1
	Sequence	-edge_626_0_+disjointig_44_0_14452 14452 -371 14453 0 14452
Edge	1254	1139	527	1	0	0	3	54
	Sequence	+edge_628_0_+disjointig_441_45807_48245 2438 373 48300 45807 48245
	Sequence	+edge_628_1_-disjointig_566_39611_41593 1982 -510 45246 39611 41593
Edge	1255	733	1140	1	0	0	3	55
	Sequence	-edge_628_0_+disjointig_441_45807_48245 2438 -373 48300 54 2492
	Sequence	-edge_628_1_-disjointig_566_39611_41593 1982 510 45246 3652 5634
Edge	1258	1141	75	0	0	0	4	-1
	Sequence	+edge_630_0_+disjointig_442_0_3471 3471 374 6135 0 3471
Edge	1259	76	1248	0	0	0	4	-1
	Sequence	-edge_630_0_+disjointig_442_0_3471 3471 -374 6135 2663 6134
Edge	1262	74	1187	0	0	0	20	-1
	Sequence	+edge_632_0_+disjointig_94_15444_17965 2521 915 17966 15444 17965
Edge	1263	190	73	0	0	0	20	-1
	Sequence	-edge_632_0_+disjointig_94_15444_17965 2521 -915 17966 0 2521
Edge	1270	1146	1148	0	0	0	4	-1
	Sequence	+edge_636_0_+disjointig_445_0_11984 11984 377 11985 0 11984
Edge	1271	1150	1120	0	0	0	4	-1
	Sequence	-edge_636_0_+disjointig_445_0_11984 11984 -377 11985 0 11984
Edge	1286	682	263	0	0	0	17	-1
	Sequence	+edge_644_0_+disjointig_72_56185_61202 5017 677 98001 56185 61202
Edge	1287	262	968	0	0	0	17	-1
	Sequence	-edge_644_0_+disjointig_72_56185_61202 5017 -677 98001 36798 41815
Edge	1292	538	782	0	0	0	8	-1
	Sequence	+edge_647_0_-disjointig_72_48490_75456 26966 -677 98001 48490 75456
	Sequence	+edge_647_1_-disjointig_72_1487_28467 26980 -677 98001 1487 28467
Edge	1293	16	421	0	0	0	8	-1
	Sequence	-edge_647_0_-disjointig_72_48490_75456 26966 677 98001 22544 49510
	Sequence	-edge_647_1_-disjointig_72_1487_28467 26980 677 98001 69533 96513
Edge	1294	1052	1053	0	0	0	3	-1
	Sequence	+edge_648_0_+disjointig_45_0_30974 30974 382 30975 0 30974
Edge	1295	1132	831	0	0	0	3	-1
	Sequence	-edge_648_0_+disjointig_45_0_30974 30974 -382 30975 0 30974
Edge	1296	1158	1160	0	0	0	6	-1
	Sequence	+edge_649_0_+disjointig_450_0_39740 39740 383 39741 0 39740
Edge	1297	1162	1164	0	0	0	6	-1
	Sequence	-edge_649_0_+disjointig_450_0_39740 39740 -383 39741 0 39740
Edge	1302	1167	1168	0	0	0	4	-1
	Sequence	+edge_652_0_+disjointig_453_0_14306 14306 386 14307 0 14306
Edge	1303	1170	819	0	0	0	4	-1
	Sequence	-edge_652_0_+disjointig_453_0_14306 14306 -386 14307 0 14306
Edge	1318	1169	818	0	0	0	4	-1
	Sequence	+edge_660_0_+disjointig_461_0_13764 13764 395 13765 0 13764
Edge	1319	913	875	0	0	0	4	-1
	Sequence	-edge_660_0_+disjointig_461_0_13764 13764 -395 13765 0 13764
Edge	1326	742	1091	0	0	0	4	-1
	Sequence	+edge_664_0_+disjointig_465_0_29339 29339 399 29340 0 29339
Edge	1327	659	708	0	0	0	4	-1
	Sequence	-edge_664_0_+disjointig_465_0_29339 29339 -399 29340 0 29339
Edge	1334	1174	1175	1	0	0	7	-1
	Sequence	+edge_668_0_+disjointig_47_18716_20900 2184 404 37644 18716 20900
	Sequence	+edge_668_1_+disjointig_600_18843_21024 2181 548 40176 18843 21024
Edge	1335	950	1074	1	0	0	7	-1
	Sequence	-edge_668_0_+disjointig_47_18716_20900 2184 -404 37644 16743 18927
	Sequence	-edge_668_1_+disjointig_600_18843_21024 2181 -548 40176 19151 21332
Edge	1336	1175	381	0	0	0	4	-1
	Sequence	+edge_669_0_+disjointig_600_21024_25290 4266 548 40176 21024 25290
Edge	1337	380	950	0	0	0	4	-1
	Sequence	-edge_669_0_+disjointig_600_21024_25290 4266 -548 40176 14885 19151
Edge	1350	413	411	0	0	0	4	-1
	Sequence	+edge_676_0_+disjointig_475_0_13755 13755 410 13756 0 13755
Edge	1351	858	860	0	0	0	4	-1
	Sequence	-edge_676_0_+disjointig_475_0_13755 13755 -410 13756 0 13755
Edge	1384	1191	1193	0	0	0	3	-1
	Sequence	+edge_693_0_+disjointig_490_0_6662 6662 427 6663 0 6662
Edge	1385	1228	1195	0	0	0	3	-1
	Sequence	-edge_693_0_+disjointig_490_0_6662 6662 -427 6663 0 6662
Edge	1414	1012	588	0	0	0	3	-1
	Sequence	+edge_708_0_+disjointig_503_0_15997 15997 442 15998 0 15997
Edge	1415	1015	1055	0	0	0	3	-1
	Sequence	-edge_708_0_+disjointig_503_0_15997 15997 -442 15998 0 15997
Edge	1480	405	812	1	0	0	3	20
	Sequence	+edge_741_0_+disjointig_53_4256_20488 16232 471 95918 4256 20488
	Sequence	+edge_741_1_+disjointig_53_67362_83629 16267 471 95918 67362 83629
Edge	1481	128	1023	1	0	0	3	21
	Sequence	-edge_741_0_+disjointig_53_4256_20488 16232 -471 95918 75429 91661
	Sequence	-edge_741_1_+disjointig_53_67362_83629 16267 -471 95918 12288 28555
Edge	1482	405	205	1	0	0	2	20
	Sequence	+edge_742_0_+disjointig_53_37866_50103 12237 471 95918 37866 50103
Edge	1483	375	1023	1	0	0	2	21
	Sequence	-edge_742_0_+disjointig_53_37866_50103 12237 -471 95918 45814 58051
Edge	1486	130	1219	1	0	0	6	20
	Sequence	+edge_744_0_+disjointig_53_23566_26660 3094 471 95918 23566 26660
	Sequence	+edge_744_1_+disjointig_53_86725_89811 3086 471 95918 86725 89811
Edge	1487	1221	969	1	0	0	6	21
	Sequence	-edge_744_0_+disjointig_53_23566_26660 3094 -471 95918 69257 72351
	Sequence	-edge_744_1_+disjointig_53_86725_89811 3086 -471 95918 6106 9192
Edge	1488	127	938	1	0	0	2	20
	Sequence	+edge_745_0_+disjointig_53_53185_59316 6131 471 95918 53185 59316
Edge	1489	1222	1122	1	0	0	2	21
	Sequence	-edge_745_0_+disjointig_53_53185_59316 6131 -471 95918 36601 42732
Edge	1490	1219	938	1	0	0	3	20
	Sequence	+edge_746_0_+disjointig_53_26660_30463 3803 471 95918 26660 30463
Edge	1491	1222	1221	1	0	0	3	21
	Sequence	-edge_746_0_+disjointig_53_26660_30463 3803 -471 95918 65454 69257
Edge	1502	522	520	0	0	0	3	-1
	Sequence	+edge_752_0_+disjointig_534_0_3525 3525 476 3526 0 3525
Edge	1503	1224	1225	0	0	0	3	-1
	Sequence	-edge_752_0_+disjointig_534_0_3525 3525 -476 3526 0 3525
Edge	1508	1192	1229	0	0	0	3	-1
	Sequence	+edge_755_0_+disjointig_538_0_14689 14689 479 14690 0 14689
Edge	1509	1194	837	0	0	0	3	-1
	Sequence	-edge_755_0_+disjointig_538_0_14689 14689 -479 14690 0 14689
Edge	1516	1230	1232	0	0	0	3	-1
	Sequence	+edge_759_0_+disjointig_541_0_4634 4634 483 4635 0 4634
Edge	1517	1234	725	0	0	0	3	-1
	Sequence	-edge_759_0_+disjointig_541_0_4634 4634 -483 4635 0 4634
Edge	1520	906	1236	0	0	0	20	-1
	Sequence	+edge_761_0_+disjointig_543_76_2426 2350 485 16592 76 2426
	Sequence	+edge_761_1_+disjointig_85_76_2416 2340 818 16013 76 2416
Edge	1521	816	1237	0	0	0	20	-1
	Sequence	-edge_761_0_+disjointig_543_76_2426 2350 -485 16592 14165 16515
	Sequence	-edge_761_1_+disjointig_85_76_2416 2340 -818 16013 13596 15936
Edge	1522	974	740	0	0	0	3	-1
	Sequence	+edge_762_0_+disjointig_544_0_13048 13048 486 13049 0 13048
Edge	1523	1094	1095	0	0	0	3	-1
	Sequence	-edge_762_0_+disjointig_544_0_13048 13048 -486 13049 0 13048
Edge	1540	1209	596	0	0	0	3	-1
	Sequence	+edge_771_0_+disjointig_550_0_9598 9598 493 9599 0 9598
Edge	1541	595	591	0	0	0	3	-1
	Sequence	-edge_771_0_+disjointig_550_0_9598 9598 -493 9599 0 9598
Edge	1548	1240	1183	0	0	0	3	-1
	Sequence	+edge_775_0_+disjointig_555_0_4637 4637 498 4638 0 4637
Edge	1549	1185	481	0	0	0	3	-1
	Sequence	-edge_775_0_+disjointig_555_0_4637 4637 -498 4638 0 4637
Edge	1568	1249	1250	0	0	0	3	-1
	Sequence	+edge_785_0_+disjointig_565_0_2347 2347 509 2348 0 2347
Edge	1569	751	1199	0	0	0	3	-1
	Sequence	-edge_785_0_+disjointig_565_0_2347 2347 -509 2348 0 2347
Edge	1594	407	450	0	0	0	3	-1
	Sequence	+edge_798_0_+disjointig_58_0_3891 3891 524 3892 0 3891
Edge	1595	396	395	0	0	0	3	-1
	Sequence	-edge_798_0_+disjointig_58_0_3891 3891 -524 3892 0 3891
Edge	1602	392	391	0	0	0	3	-1
	Sequence	+edge_802_0_+disjointig_583_0_14004 14004 528 14005 0 14004
Edge	1603	755	390	0	0	0	3	-1
	Sequence	-edge_802_0_+disjointig_583_0_14004 14004 -528 14005 0 14004
Edge	1610	1037	1241	0	0	0	3	-1
	Sequence	+edge_806_0_+disjointig_587_0_43652 43652 532 43653 0 43652
Edge	1611	1243	991	0	0	0	3	-1
	Sequence	-edge_806_0_+disjointig_587_0_43652 43652 -532 43653 0 43652
Edge	1640	385	384	1	0	0	5	-1
	Sequence	+edge_821_0_+disjointig_60_0_7294 7294 547 32427 0 7294
Edge	1641	459	383	1	0	0	5	-1
	Sequence	-edge_821_0_+disjointig_60_0_7294 7294 -547 32427 25132 32426
Edge	1642	384	1239	1	0	0	6	-1
	Sequence	+edge_822_0_+disjointig_60_7294_10739 3445 547 32427 7294 10739
	Sequence	+edge_822_1_-disjointig_722_2614_6086 3472 -680 29490 2614 6086
Edge	1643	1182	459	1	0	0	6	-1
	Sequence	-edge_822_0_+disjointig_60_7294_10739 3445 -547 32427 21687 25132
	Sequence	-edge_822_1_-disjointig_722_2614_6086 3472 680 29490 23403 26875
Edge	1646	1239	449	0	0	0	3	-1
	Sequence	+edge_824_0_+disjointig_60_10739_32426 21687 547 32427 10739 32426
Edge	1647	446	1182	0	0	0	3	-1
	Sequence	-edge_824_0_+disjointig_60_10739_32426 21687 -547 32427 0 21687
Edge	1648	1239	257	0	0	0	3	-1
	Sequence	+edge_825_0_-disjointig_722_6086_29489 23403 -680 29490 6086 29489
Edge	1649	258	1182	0	0	0	3	-1
	Sequence	-edge_825_0_-disjointig_722_6086_29489 23403 680 29490 0 23403
Edge	1652	71	351	0	0	0	11	-1
	Sequence	+edge_827_0_+disjointig_632_37284_38103 819 582 38665 37284 38103
	Sequence	+edge_827_1_-disjointig_819_36828_37642 814 -785 38457 36828 37642
Edge	1653	350	70	0	0	0	11	-1
	Sequence	-edge_827_0_+disjointig_632_37284_38103 819 -582 38665 561 1380
	Sequence	-edge_827_1_-disjointig_819_36828_37642 814 785 38457 814 1628
Edge	1654	381	379	1	0	0	2	-1
	Sequence	+edge_828_0_+disjointig_600_25290_27305 2015 548 40176 25290 27305
	Sequence	+edge_828_1_-disjointig_733_24487_26506 2019 -692 39643 24487 26506
Edge	1655	378	380	1	0	0	2	-1
	Sequence	-edge_828_0_+disjointig_600_25290_27305 2015 -548 40176 12870 14885
	Sequence	-edge_828_1_-disjointig_733_24487_26506 2019 692 39643 13136 15155
Edge	1656	380	245	1	0	0	1	-1
	Sequence	+edge_829_0_+disjointig_733_15155_19538 4383 692 39643 15155 19538
Edge	1657	244	381	1	0	0	1	-1
	Sequence	-edge_829_0_+disjointig_733_15155_19538 4383 -692 39643 20104 24487
Edge	1676	376	374	0	0	0	3	-1
	Sequence	+edge_839_0_+disjointig_61_0_30959 30959 558 30960 0 30959
Edge	1677	373	372	0	0	0	3	-1
	Sequence	-edge_839_0_+disjointig_61_0_30959 30959 -558 30960 0 30959
Edge	1686	370	370	1	0	0	4	-1
	Sequence	+edge_844_0_+disjointig_614_9089_13900 4811 562 27612 9089 13900
	Sequence	+edge_844_1_+disjointig_614_13900_18590 4690 562 27612 13900 18590
Edge	1687	369	369	1	0	0	4	-1
	Sequence	-edge_844_0_+disjointig_614_9089_13900 4811 -562 27612 13711 18522
	Sequence	-edge_844_1_+disjointig_614_13900_18590 4690 -562 27612 9021 13711
Edge	1688	68	1011	0	0	0	3	-1
	Sequence	+edge_845_0_+disjointig_614_18590_27611 9021 562 27612 18590 27611
Edge	1689	367	67	0	0	0	3	-1
	Sequence	-edge_845_0_+disjointig_614_18590_27611 9021 -562 27612 0 9021
Edge	1690	366	365	0	0	0	3	-1
	Sequence	+edge_846_0_+disjointig_615_0_5840 5840 563 5841 0 5840
Edge	1691	364	363	0	0	0	3	-1
	Sequence	-edge_846_0_+disjointig_615_0_5840 5840 -563 5841 0 5840
Edge	1698	362	361	0	0	0	5	-1
	Sequence	+edge_850_0_+disjointig_62_0_25686 25686 568 43650 0 25686
Edge	1699	360	483	0	0	0	5	-1
	Sequence	-edge_850_0_+disjointig_62_0_25686 25686 -568 43650 17963 43649
Edge	1700	361	359	0	0	0	12	-1
	Sequence	+edge_851_0_+disjointig_62_25686_29482 3796 568 43650 25686 29482
	Sequence	+edge_851_1_+disjointig_82_25648_29448 3800 786 34428 25648 29448
Edge	1701	1180	360	0	0	0	12	-1
	Sequence	-edge_851_0_+disjointig_62_25686_29482 3796 -568 43650 14167 17963
	Sequence	-edge_851_1_+disjointig_82_25648_29448 3800 -786 34428 4979 8779
Edge	1702	360	216	0	0	0	4	-1
	Sequence	+edge_852_0_-disjointig_82_8779_34427 25648 -786 34428 8779 34427
Edge	1703	217	361	0	0	0	4	-1
	Sequence	-edge_852_0_-disjointig_82_8779_34427 25648 786 34428 0 25648
Edge	1704	66	215	0	0	0	11	-1
	Sequence	+edge_853_0_+disjointig_82_29448_34427 4979 786 34428 29448 34427
Edge	1705	214	65	0	0	0	11	-1
	Sequence	-edge_853_0_+disjointig_82_29448_34427 4979 -786 34428 0 4979
Edge	1706	1171	709	0	0	0	4	-1
	Sequence	+edge_854_0_+disjointig_62_36441_43649 7208 568 43650 36441 43649
Edge	1707	358	1153	0	0	0	4	-1
	Sequence	-edge_854_0_+disjointig_62_36441_43649 7208 -568 43650 0 7208
Edge	1748	347	346	0	0	0	4	-1
	Sequence	+edge_875_0_+disjointig_636_0_16828 16828 586 16829 0 16828
Edge	1749	817	566	0	0	0	4	-1
	Sequence	-edge_875_0_+disjointig_636_0_16828 16828 -586 16829 0 16828
Edge	1758	1097	1098	0	0	0	3	-1
	Sequence	+edge_880_0_+disjointig_640_0_11516 11516 591 11517 0 11516
Edge	1759	345	344	0	0	0	3	-1
	Sequence	-edge_880_0_+disjointig_640_0_11516 11516 -591 11517 0 11516
Edge	1800	336	17	0	0	0	14	-1
	Sequence	+edge_901_0_+disjointig_653_2138_3906 1768 605 24361 2138 3906
	Sequence	+edge_901_1_+disjointig_72_15627_17400 1773 677 98001 15627 17400
	Sequence	+edge_901_2_+disjointig_72_62944_64734 1790 677 98001 62944 64734
Edge	1801	18	335	0	0	0	14	-1
	Sequence	-edge_901_0_+disjointig_653_2138_3906 1768 -605 24361 20454 22222
	Sequence	-edge_901_1_+disjointig_72_15627_17400 1773 -677 98001 80600 82373
	Sequence	-edge_901_2_+disjointig_72_62944_64734 1790 -677 98001 33266 35056
Edge	1802	335	262	0	0	0	12	-1
	Sequence	+edge_902_0_-disjointig_72_82373_84103 1730 -677 98001 82373 84103
	Sequence	+edge_902_1_-disjointig_72_35056_36798 1742 -677 98001 35056 36798
Edge	1803	263	336	0	0	0	12	-1
	Sequence	-edge_902_0_-disjointig_72_82373_84103 1730 677 98001 13897 15627
	Sequence	-edge_902_1_-disjointig_72_35056_36798 1742 677 98001 61202 62944
Edge	1804	333	331	1	0	0	12	47
	Sequence	+edge_903_0_+disjointig_653_3906_4742 836 605 24361 3906 4742
	Sequence	+edge_903_1_+disjointig_72_64734_65591 857 677 98001 64734 65591
Edge	1805	886	332	1	0	0	12	46
	Sequence	-edge_903_0_+disjointig_653_3906_4742 836 -605 24361 19618 20454
	Sequence	-edge_903_1_+disjointig_72_64734_65591 857 -677 98001 32409 33266
Edge	1806	42	260	1	0	0	2	47
	Sequence	+edge_904_0_+disjointig_72_17400_22544 5144 677 98001 17400 22544
Edge	1807	721	41	1	0	0	2	46
	Sequence	-edge_904_0_+disjointig_72_17400_22544 5144 -677 98001 75456 80600
Edge	1810	331	260	1	0	0	8	47
	Sequence	+edge_906_0_+disjointig_72_65591_69533 3942 677 98001 65591 69533
Edge	1811	721	886	1	0	0	8	46
	Sequence	-edge_906_0_+disjointig_72_65591_69533 3942 -677 98001 28467 32409
Edge	1822	328	801	0	0	0	3	-1
	Sequence	+edge_912_0_+disjointig_66_0_37562 37562 611 37563 0 37562
Edge	1823	637	327	0	0	0	3	-1
	Sequence	-edge_912_0_+disjointig_66_0_37562 37562 -611 37563 0 37562
Edge	1836	1115	1144	0	0	0	4	-1
	Sequence	+edge_919_0_+disjointig_667_0_16811 16811 619 16812 0 16811
Edge	1837	1118	320	0	0	0	4	-1
	Sequence	-edge_919_0_+disjointig_667_0_16811 16811 -619 16812 0 16811
Edge	1842	319	1211	0	0	0	3	-1
	Sequence	+edge_922_0_+disjointig_67_0_11301 11301 622 11302 0 11301
Edge	1843	318	317	0	0	0	3	-1
	Sequence	-edge_922_0_+disjointig_67_0_11301 11301 -622 11302 0 11301
Edge	1844	316	315	0	0	0	3	-1
	Sequence	+edge_923_0_+disjointig_670_0_25049 25049 623 25050 0 25049
Edge	1845	314	313	0	0	0	3	-1
	Sequence	-edge_923_0_+disjointig_670_0_25049 25049 -623 25050 0 25049
Edge	1856	311	310	0	0	0	3	-1
	Sequence	+edge_929_0_+disjointig_676_0_13222 13222 629 13223 0 13222
Edge	1857	309	308	0	0	0	3	-1
	Sequence	-edge_929_0_+disjointig_676_0_13222 13222 -629 13223 0 13222
Edge	1862	306	305	0	0	0	5	-1
	Sequence	+edge_932_0_+disjointig_679_0_14041 14041 632 14042 0 14041
Edge	1863	304	303	0	0	0	5	-1
	Sequence	-edge_932_0_+disjointig_679_0_14041 14041 -632 14042 0 14041
Edge	1866	301	300	0	0	0	5	-1
	Sequence	+edge_934_0_+disjointig_680_0_20022 20022 634 20023 0 20022
Edge	1867	299	298	0	0	0	5	-1
	Sequence	-edge_934_0_+disjointig_680_0_20022 20022 -634 20023 0 20022
Edge	1884	294	293	0	0	0	3	-1
	Sequence	+edge_943_0_+disjointig_69_0_22831 22831 644 22832 0 22831
Edge	1885	292	291	0	0	0	3	-1
	Sequence	-edge_943_0_+disjointig_69_0_22831 22831 -644 22832 0 22831
Edge	1894	289	288	0	0	0	4	-1
	Sequence	+edge_948_0_+disjointig_694_0_31386 31386 649 31387 0 31386
Edge	1895	287	651	0	0	0	4	-1
	Sequence	-edge_948_0_+disjointig_694_0_31386 31386 -649 31387 0 31386
Edge	1906	286	285	0	0	0	3	-1
	Sequence	+edge_954_0_+disjointig_7_0_2606 2606 655 2607 0 2606
Edge	1907	284	283	0	0	0	3	-1
	Sequence	-edge_954_0_+disjointig_7_0_2606 2606 -655 2607 0 2606
Edge	1908	282	281	0	0	0	3	-1
	Sequence	+edge_955_0_+disjointig_70_0_15484 15484 656 15485 0 15484
Edge	1909	280	279	0	0	0	3	-1
	Sequence	-edge_955_0_+disjointig_70_0_15484 15484 -656 15485 0 15484
Edge	1912	278	277	0	0	0	3	-1
	Sequence	+edge_957_0_+disjointig_701_0_17862 17862 658 17863 0 17862
Edge	1913	275	274	0	0	0	3	-1
	Sequence	-edge_957_0_+disjointig_701_0_17862 17862 -658 17863 0 17862
Edge	1914	693	934	0	0	0	3	-1
	Sequence	+edge_958_0_+disjointig_702_0_14917 14917 659 14918 0 14917
Edge	1915	273	272	0	0	0	3	-1
	Sequence	-edge_958_0_+disjointig_702_0_14917 14917 -659 14918 0 14917
Edge	1942	268	267	0	0	0	4	-1
	Sequence	+edge_972_0_+disjointig_714_0_7554 7554 671 7555 0 7554
Edge	1943	266	265	0	0	0	4	-1
	Sequence	-edge_972_0_+disjointig_714_0_7554 7554 -671 7555 0 7554
Edge	1964	256	255	0	0	0	3	-1
	Sequence	+edge_983_0_+disjointig_725_0_12378 12378 683 12379 0 12378
Edge	1965	254	842	0	0	0	3	-1
	Sequence	-edge_983_0_+disjointig_725_0_12378 12378 -683 12379 0 12378
Edge	1972	251	250	0	0	0	3	-1
	Sequence	+edge_987_0_+disjointig_73_0_3928 3928 688 26936 0 3928
Edge	1973	249	248	0	0	0	3	-1
	Sequence	-edge_987_0_+disjointig_73_0_3928 3928 -688 26936 23007 26935
Edge	1986	245	525	1	0	0	2	-1
	Sequence	+edge_994_0_+disjointig_733_19538_21900 2362 692 39643 19538 21900
	Sequence	+edge_994_1_-disjointig_819_19465_21815 2350 -785 38457 19465 21815
Edge	1987	523	244	1	0	0	2	-1
	Sequence	-edge_994_0_+disjointig_733_19538_21900 2362 -692 39643 17742 20104
	Sequence	-edge_994_1_-disjointig_819_19465_21815 2350 785 38457 16641 18991
Edge	1990	290	243	0	0	0	4	-1
	Sequence	+edge_996_0_+disjointig_734_0_22446 22446 693 22447 0 22446
Edge	1991	242	241	0	0	0	4	-1
	Sequence	-edge_996_0_+disjointig_734_0_22446 22446 -693 22447 0 22446
Edge	2000	507	576	0	0	0	5	-1
	Sequence	+edge_1001_0_+disjointig_739_0_15850 15850 698 15851 0 15850
Edge	2001	661	1217	0	0	0	5	-1
	Sequence	-edge_1001_0_+disjointig_739_0_15850 15850 -698 15851 0 15850
Edge	2024	240	479	0	0	0	3	-1
	Sequence	+edge_1013_0_+disjointig_751_0_13919 13919 711 13920 0 13919
Edge	2025	238	1186	0	0	0	3	-1
	Sequence	-edge_1013_0_+disjointig_751_0_13919 13919 -711 13920 0 13919
Edge	2046	921	236	0	0	0	3	-1
	Sequence	+edge_1024_0_+disjointig_763_0_16502 16502 723 16503 0 16502
Edge	2047	259	235	0	0	0	3	-1
	Sequence	-edge_1024_0_+disjointig_763_0_16502 16502 -723 16503 0 16502
Edge	2084	232	412	0	0	0	3	-1
	Sequence	+edge_1043_0_+disjointig_781_0_5989 5989 743 5990 0 5989
Edge	2085	410	891	0	0	0	3	-1
	Sequence	-edge_1043_0_+disjointig_781_0_5989 5989 -743 5990 0 5989
Edge	2098	112	47	0	0	0	5	-1
	Sequence	+edge_1050_0_+disjointig_787_3817_4447 630 749 24624 3817 4447
	Sequence	+edge_1050_1_-disjointig_787_16838_17472 634 -749 24624 16838 17472
	Sequence	+edge_1050_2_-disjointig_787_8343_8956 613 -749 24624 8343 8956
Edge	2099	48	113	0	0	0	5	-1
	Sequence	-edge_1050_0_+disjointig_787_3817_4447 630 -749 24624 20176 20806
	Sequence	-edge_1050_1_-disjointig_787_16838_17472 634 749 24624 7151 7785
	Sequence	-edge_1050_2_-disjointig_787_8343_8956 613 749 24624 15667 16280
Edge	2100	47	227	0	0	0	3	-1
	Sequence	+edge_1051_0_+disjointig_787_4447_6341 1894 749 24624 4447 6341
	Sequence	+edge_1051_1_-disjointig_787_8956_10836 1880 -749 24624 8956 10836
Edge	2101	226	48	0	0	0	3	-1
	Sequence	-edge_1051_0_+disjointig_787_4447_6341 1894 -749 24624 18282 20176
	Sequence	-edge_1051_1_-disjointig_787_8956_10836 1880 749 24624 13787 15667
Edge	2102	49	226	0	0	0	4	-1
	Sequence	+edge_1052_0_-disjointig_787_17472_18282 810 -749 24624 17472 18282
	Sequence	+edge_1052_1_+disjointig_787_12982_13787 805 749 24624 12982 13787
	Sequence	+edge_1052_2_+disjointig_787_21418_22221 803 749 24624 21418 22221
Edge	2103	227	437	0	0	0	4	-1
	Sequence	-edge_1052_0_-disjointig_787_17472_18282 810 749 24624 6341 7151
	Sequence	-edge_1052_1_+disjointig_787_12982_13787 805 -749 24624 10836 11641
	Sequence	-edge_1052_2_+disjointig_787_21418_22221 803 -749 24624 2402 3205
Edge	2126	224	223	0	0	0	3	-1
	Sequence	+edge_1064_0_+disjointig_796_0_10452 10452 759 10453 0 10452
Edge	2127	222	220	0	0	0	3	-1
	Sequence	-edge_1064_0_+disjointig_796_0_10452 10452 -759 10453 0 10452
Edge	2222	1251	1220	0	0	0	3	-1
	Sequence	+edge_1112_0_+disjointig_841_0_5318 5318 809 5319 0 5318
Edge	2223	1004	1006	0	0	0	3	-1
	Sequence	-edge_1112_0_+disjointig_841_0_5318 5318 -809 5319 0 5318
Edge	2234	219	231	0	0	0	3	-1
	Sequence	+edge_1118_0_+disjointig_848_0_6556 6556 816 6557 0 6556
Edge	2235	230	228	0	0	0	3	-1
	Sequence	-edge_1118_0_+disjointig_848_0_6556 6556 -816 6557 0 6556
Edge	2258	210	1181	0	0	0	4	-1
	Sequence	+edge_1130_0_+disjointig_86_0_13676 13676 829 13677 0 13676
Edge	2259	1184	480	0	0	0	4	-1
	Sequence	-edge_1130_0_+disjointig_86_0_13676 13676 -829 13677 0 13676
Edge	2328	203	202	0	0	0	4	-1
	Sequence	+edge_1165_0_+disjointig_896_0_2607 2607 867 2608 0 2607
Edge	2329	201	200	0	0	0	4	-1
	Sequence	-edge_1165_0_+disjointig_896_0_2607 2607 -867 2608 0 2607
Edge	2340	198	197	1	0	0	4	-1
	Sequence	+edge_1171_0_+disjointig_90_6231_8723 2492 872 54083 6231 8723
	Sequence	+edge_1171_1_+disjointig_90_45376_47841 2465 872 54083 45376 47841
Edge	2341	196	1176	1	0	0	4	-1
	Sequence	-edge_1171_0_+disjointig_90_6231_8723 2492 -872 54083 45359 47851
	Sequence	-edge_1171_1_+disjointig_90_45376_47841 2465 -872 54083 6241 8706
Edge	2342	1176	196	1	0	0	2	-1
	Sequence	+edge_1172_0_-disjointig_90_8706_45359 36653 -872 54083 8706 45359
Edge	2343	197	198	1	0	0	2	-1
	Sequence	-edge_1172_0_-disjointig_90_8706_45359 36653 872 54083 8723 45376
Edge	2384	660	585	0	0	0	3	-1
	Sequence	+edge_1193_0_+disjointig_919_0_15388 15388 892 15389 0 15388
Edge	2385	195	194	0	0	0	3	-1
	Sequence	-edge_1193_0_+disjointig_919_0_15388 15388 -892 15389 0 15388
Edge	2408	600	548	0	0	0	3	-1
	Sequence	+edge_1205_0_+disjointig_929_0_3435 3435 903 3436 0 3435
Edge	2409	192	435	0	0	0	3	-1
	Sequence	-edge_1205_0_+disjointig_929_0_3435 3435 -903 3436 0 3435
Edge	2430	189	187	0	0	0	3	-1
	Sequence	+edge_1216_0_+disjointig_940_0_14462 14462 916 14463 0 14462
Edge	2431	186	185	0	0	0	3	-1
	Sequence	-edge_1216_0_+disjointig_940_0_14462 14462 -916 14463 0 14462
Edge	2450	183	118	0	0	0	6	-1
	Sequence	+edge_1226_0_+disjointig_95_0_10558 10558 926 73472 0 10558
Edge	2451	117	325	0	0	0	6	-1
	Sequence	-edge_1226_0_+disjointig_95_0_10558 10558 -926 73472 62913 73471
Edge	2454	114	15	0	0	0	8	-1
	Sequence	+edge_1228_0_-disjointig_95_32679_34410 1731 -926 73472 32679 34410
	Sequence	+edge_1228_1_-disjointig_95_1089_2785 1696 -926 73472 1089 2785
Edge	2455	13	116	0	0	0	8	-1
	Sequence	-edge_1228_0_-disjointig_95_32679_34410 1731 926 73472 39061 40792
	Sequence	-edge_1228_1_-disjointig_95_1089_2785 1696 926 73472 70686 72382
Edge	2458	307	237	0	0	0	6	-1
	Sequence	+edge_1230_0_+disjointig_95_17765_19628 1863 926 73472 17765 19628
Edge	2459	349	903	0	0	0	6	-1
	Sequence	-edge_1230_0_+disjointig_95_17765_19628 1863 -926 73472 53843 55706
Edge	2460	115	323	0	0	0	7	-1
	Sequence	+edge_1231_0_+disjointig_95_48021_50806 2785 926 73472 48021 50806
Edge	2461	182	1114	0	0	0	7	-1
	Sequence	-edge_1231_0_+disjointig_95_48021_50806 2785 -926 73472 22665 25450
Edge	2462	323	221	0	0	0	13	-1
	Sequence	+edge_1232_0_+disjointig_95_19628_38042 18414 926 73472 19628 38042
	Sequence	+edge_1232_1_+disjointig_95_50806_69336 18530 926 73472 50806 69336
Edge	2463	14	182	0	0	0	13	-1
	Sequence	-edge_1232_0_+disjointig_95_19628_38042 18414 -926 73472 35429 53843
	Sequence	-edge_1232_1_+disjointig_95_50806_69336 18530 -926 73472 4135 22665
Edge	2464	1084	1085	1	0	0	3	49
	Sequence	+edge_1233_0_+disjointig_95_38042_39061 1019 926 73472 38042 39061
Edge	2465	1087	322	1	0	0	3	48
	Sequence	-edge_1233_0_+disjointig_95_38042_39061 1019 -926 73472 34410 35429
Edge	2466	1084	1085	1	0	0	5	49
	Sequence	+edge_1234_0_+disjointig_95_69336_70686 1350 926 73472 69336 70686
Edge	2467	1087	322	1	0	0	5	48
	Sequence	-edge_1234_0_+disjointig_95_69336_70686 1350 -926 73472 2785 4135
Edge	2478	179	158	0	0	0	3	-1
	Sequence	+edge_1240_0_+disjointig_99_10099_45098 34999 956 45099 10099 45098
Edge	2479	423	180	0	0	0	3	-1
	Sequence	-edge_1240_0_+disjointig_99_10099_45098 34999 -956 45099 0 34999
Edge	2484	176	175	0	0	0	3	-1
	Sequence	+edge_1243_0_+disjointig_956_0_13956 13956 933 13957 0 13956
Edge	2485	174	172	0	0	0	3	-1
	Sequence	-edge_1243_0_+disjointig_956_0_13956 13956 -933 13957 0 13956
Edge	2508	170	169	0	0	0	3	-1
	Sequence	+edge_1255_0_+disjointig_969_0_10392 10392 947 10393 0 10392
Edge	2509	168	167	0	0	0	3	-1
	Sequence	-edge_1255_0_+disjointig_969_0_10392 10392 -947 10393 0 10392
Edge	2512	165	162	1	0	0	2	-1
	Sequence	+edge_1257_0_+disjointig_97_3163_7650 4487 948 54837 3163 7650
	Sequence	+edge_1257_1_+disjointig_97_40316_44784 4468 948 54837 40316 44784
Edge	2513	161	164	1	0	0	2	-1
	Sequence	-edge_1257_0_+disjointig_97_3163_7650 4487 -948 54837 47186 51673
	Sequence	-edge_1257_1_+disjointig_97_40316_44784 4468 -948 54837 10052 14520
Edge	2514	164	161	1	0	0	1	-1
	Sequence	+edge_1258_0_-disjointig_97_14520_47186 32666 -948 54837 14520 47186
Edge	2515	162	165	1	0	0	1	-1
	Sequence	-edge_1258_0_-disjointig_97_14520_47186 32666 948 54837 7650 40316
Edge	2520	1000	1001	0	0	0	4	-1
	Sequence	+edge_1261_0_+disjointig_971_0_16070 16070 950 16071 0 16070
Edge	2521	1027	1028	0	0	0	4	-1
	Sequence	-edge_1261_0_+disjointig_971_0_16070 16070 -950 16071 0 16070
Edge	2532	46	729	0	0	0	6	-1
	Sequence	+edge_1267_0_+disjointig_101_29736_37863 8127 4 72418 29736 37863
Edge	2533	833	766	0	0	0	6	-1
	Sequence	-edge_1267_0_+disjointig_101_29736_37863 8127 -4 72418 34554 42681
Edge	2534	795	775	0	0	1	1	-1
	Sequence	+edge_1268_0_+disjointig_101_2027_6669 4642 4 72418 2027 6669
	Sequence	+edge_1268_1_+disjointig_101_37863_42469 4606 4 72418 37863 42469
	Sequence	+edge_1268_2_+disjointig_240_6773_11390 4617 156 26111 6773 11390
	Sequence	+edge_1268_3_-disjointig_753_20031_24743 4712 -713 26461 20031 24743
Edge	2535	790	815	0	0	1	1	-1
	Sequence	-edge_1268_0_+disjointig_101_2027_6669 4642 -4 72418 65748 70390
	Sequence	-edge_1268_1_+disjointig_101_37863_42469 4606 -4 72418 29948 34554
	Sequence	-edge_1268_2_+disjointig_240_6773_11390 4617 -156 26111 14720 19337
	Sequence	-edge_1268_3_-disjointig_753_20031_24743 4712 713 26461 1717 6429
Edge	2536	126	759	0	0	0	11	-1
	Sequence	+edge_1269_0_+disjointig_101_6669_10442 3773 4 72418 6669 10442
	Sequence	+edge_1269_1_+disjointig_101_42469_46221 3752 4 72418 42469 46221
Edge	2537	894	1173	0	0	0	11	-1
	Sequence	-edge_1269_0_+disjointig_101_6669_10442 3773 -4 72418 61975 65748
	Sequence	-edge_1269_1_+disjointig_101_42469_46221 3752 -4 72418 26196 29948
Edge	2538	720	33	0	0	0	13	-1
	Sequence	+edge_1270_0_+disjointig_101_16083_22271 6188 4 72418 16083 22271
	Sequence	+edge_1270_1_+disjointig_101_51791_58078 6287 4 72418 51791 58078
Edge	2539	34	769	0	0	0	13	-1
	Sequence	-edge_1270_0_+disjointig_101_16083_22271 6188 -4 72418 50146 56334
	Sequence	-edge_1270_1_+disjointig_101_51791_58078 6287 -4 72418 14339 20626
Edge	2540	752	702	0	0	0	2	-1
	Sequence	+edge_1271_0_+disjointig_121_0_13576 13576 25 56061 0 13576
Edge	2541	619	680	0	0	0	2	-1
	Sequence	-edge_1271_0_+disjointig_121_0_13576 13576 -25 56061 42484 56060
Edge	2544	653	733	1	0	0	3	55
	Sequence	+edge_1273_0_+disjointig_566_29652_38977 9325 510 45246 29652 38977
Edge	2545	527	730	1	0	0	3	54
	Sequence	-edge_1273_0_+disjointig_566_29652_38977 9325 -510 45246 6268 15593
Edge	2546	348	12	1	0	0	2	-1
	Sequence	+edge_1274_0_-disjointig_360_17058_32275 15217 -285 47099 17058 32275
Edge	2547	9	813	1	0	0	2	-1
	Sequence	-edge_1274_0_-disjointig_360_17058_32275 15217 285 47099 14823 30040
Edge	2548	11	329	1	0	0	5	-1
	Sequence	+edge_1275_0_+disjointig_154_4849_7742 2893 61 76468 4849 7742
	Sequence	+edge_1275_1_-disjointig_360_34843_37693 2850 -285 47099 34843 37693
Edge	2549	252	10	1	0	0	5	-1
	Sequence	-edge_1275_0_+disjointig_154_4849_7742 2893 -61 76468 68725 71618
	Sequence	-edge_1275_1_-disjointig_360_34843_37693 2850 285 47099 9405 12255
Edge	2550	51	122	0	0	0	3	-1
	Sequence	+edge_1276_0_-disjointig_154_28527_54363 25836 -61 76468 28527 54363
Edge	2551	123	50	0	0	0	3	-1
	Sequence	-edge_1276_0_-disjointig_154_28527_54363 25836 61 76468 22104 47940
Edge	2554	618	618	0	0	0	4	-1
	Sequence	+edge_1278_0_+disjointig_161_17519_52751 35232 69 52753 17519 52751
Edge	2555	614	614	0	0	0	4	-1
	Sequence	-edge_1278_0_+disjointig_161_17519_52751 35232 -69 52753 1 35233
Edge	2556	675	675	0	0	0	3	-1
	Sequence	+edge_1279_0_+disjointig_163_3624_36114 32490 71 43749 3624 36114
Edge	2557	940	940	0	0	0	3	-1
	Sequence	-edge_1279_0_+disjointig_163_3624_36114 32490 -71 43749 7634 40124
Edge	2558	865	684	0	0	0	4	-1
	Sequence	+edge_1280_0_+disjointig_164_0_9131 9131 72 26750 0 9131
Edge	2559	854	892	0	0	0	4	-1
	Sequence	-edge_1280_0_+disjointig_164_0_9131 9131 -72 26750 17618 26749
Edge	2560	636	1044	0	0	0	4	-1
	Sequence	+edge_1281_0_+disjointig_183_13055_20015 6960 93 20016 13055 20015
Edge	2561	753	898	0	0	0	4	-1
	Sequence	-edge_1281_0_+disjointig_183_13055_20015 6960 -93 20016 0 6960
Edge	2562	825	825	1	0	0	2	-1
	Sequence	+edge_1282_0_+disjointig_186_5895_16799 10904 96 16958 5895 16799
Edge	2563	754	754	1	0	0	2	-1
	Sequence	-edge_1282_0_+disjointig_186_5895_16799 10904 -96 16958 158 11062
Edge	2564	734	640	0	0	0	9	-1
	Sequence	+edge_1283_0_+disjointig_57_18505_85087 66582 514 85088 18505 85087
Edge	2565	399	700	0	0	0	9	-1
	Sequence	-edge_1283_0_+disjointig_57_18505_85087 66582 -514 85088 0 66582
Edge	2566	1165	694	0	0	0	3	-1
	Sequence	+edge_1284_0_-disjointig_459_0_16459 16459 -392 19549 0 16459
Edge	2567	949	644	0	0	0	3	-1
	Sequence	-edge_1284_0_-disjointig_459_0_16459 16459 392 19549 3089 19548
Edge	2568	789	789	0	0	0	4	-1
	Sequence	+edge_1285_0_+disjointig_196_13492_47433 33941 107 61247 13492 47433
Edge	2569	882	882	0	0	0	4	-1
	Sequence	-edge_1285_0_+disjointig_196_13492_47433 33941 -107 61247 13813 47754
Edge	2570	674	30	0	0	0	3	-1
	Sequence	+edge_1286_0_-disjointig_199_7367_40148 32781 -110 47010 7367 40148
Edge	2571	276	632	0	0	0	3	-1
	Sequence	-edge_1286_0_-disjointig_199_7367_40148 32781 110 47010 6861 39642
Edge	2572	580	580	0	0	0	3	-1
	Sequence	+edge_1287_0_+disjointig_204_5545_12580 7035 117 29151 5545 12580
	Sequence	+edge_1287_1_+disjointig_204_12580_19618 7038 117 29151 12580 19618
Edge	2573	579	579	0	0	0	3	-1
	Sequence	-edge_1287_0_+disjointig_204_5545_12580 7035 -117 29151 16570 23605
	Sequence	-edge_1287_1_+disjointig_204_12580_19618 7038 -117 29151 9532 16570
Edge	2574	1231	569	0	0	0	6	-1
	Sequence	+edge_1288_0_+disjointig_206_22823_26437 3614 119 39666 22823 26437
	Sequence	+edge_1288_1_+disjointig_222_6656_10237 3581 136 21165 6656 10237
	Sequence	+edge_1288_2_+disjointig_437_8404_12023 3619 368 22058 8404 12023
Edge	2575	568	1233	0	0	0	6	-1
	Sequence	-edge_1288_0_+disjointig_206_22823_26437 3614 -119 39666 13228 16842
	Sequence	-edge_1288_1_+disjointig_222_6656_10237 3581 -136 21165 10927 14508
	Sequence	-edge_1288_2_+disjointig_437_8404_12023 3619 -368 22058 10034 13653
Edge	2576	545	542	0	0	0	13	-1
	Sequence	+edge_1289_0_+disjointig_221_7347_11010 3663 135 28662 7347 11010
	Sequence	+edge_1289_1_+disjointig_432_36479_39715 3236 363 48534 36479 39715
	Sequence	+edge_1289_2_+disjointig_559_8223_11854 3631 502 14253 8223 11854
Edge	2577	911	1189	0	0	0	13	-1
	Sequence	-edge_1289_0_+disjointig_221_7347_11010 3663 -135 28662 17651 21314
	Sequence	-edge_1289_1_+disjointig_432_36479_39715 3236 -363 48534 8818 12054
	Sequence	-edge_1289_2_+disjointig_559_8223_11854 3631 -502 14253 2398 6029
Edge	2578	542	540	0	0	0	12	-1
	Sequence	+edge_1290_0_+disjointig_221_11010_22368 11358 135 28662 11010 22368
	Sequence	+edge_1290_1_+disjointig_432_1490_12878 11388 363 48534 1490 12878
Edge	2579	676	911	0	0	0	12	-1
	Sequence	-edge_1290_0_+disjointig_221_11010_22368 11358 -135 28662 6293 17651
	Sequence	-edge_1290_1_+disjointig_432_1490_12878 11388 -363 48534 35655 47043
Edge	2584	647	1242	1	0	0	6	55
	Sequence	+edge_1293_0_+disjointig_241_18600_21321 2721 157 45238 18600 21321
	Sequence	+edge_1293_1_-disjointig_441_36414_39117 2703 -373 48300 36414 39117
	Sequence	+edge_1293_2_+disjointig_566_40504_43235 2731 510 45246 40504 43235
Edge	2585	1244	689	1	0	0	6	54
	Sequence	-edge_1293_0_+disjointig_241_18600_21321 2721 -157 45238 23916 26637
	Sequence	-edge_1293_1_-disjointig_441_36414_39117 2703 373 48300 9182 11885
	Sequence	-edge_1293_2_+disjointig_566_40504_43235 2731 -510 45246 2010 4741
Edge	2586	5	475	0	0	0	12	-1
	Sequence	+edge_1294_0_+disjointig_241_21321_26913 5592 157 45238 21321 26913
	Sequence	+edge_1294_1_-disjointig_441_39117_44591 5474 -373 48300 39117 44591
	Sequence	+edge_1294_2_-disjointig_441_4836_10053 5217 -373 48300 4836 10053
	Sequence	+edge_1294_3_+disjointig_566_7386_13267 5881 510 45246 7386 13267
Edge	2587	8	7	0	0	0	12	-1
	Sequence	-edge_1294_0_+disjointig_241_21321_26913 5592 -157 45238 18324 23916
	Sequence	-edge_1294_1_-disjointig_441_39117_44591 5474 373 48300 3708 9182
	Sequence	-edge_1294_2_-disjointig_441_4836_10053 5217 373 48300 38246 43463
	Sequence	-edge_1294_3_+disjointig_566_7386_13267 5881 -510 45246 31978 37859
Edge	2588	188	229	0	0	0	9	-1
	Sequence	+edge_1295_0_+disjointig_241_27892_30724 2832 157 45238 27892 30724
	Sequence	+edge_1295_1_-disjointig_441_11394_14199 2805 -373 48300 11394 14199
	Sequence	+edge_1295_2_+disjointig_566_15044_17869 2825 510 45246 15044 17869
Edge	2589	6	1188	0	0	0	9	-1
	Sequence	-edge_1295_0_+disjointig_241_27892_30724 2832 -157 45238 14513 17345
	Sequence	-edge_1295_1_-disjointig_441_11394_14199 2805 373 48300 34100 36905
	Sequence	-edge_1295_2_+disjointig_566_15044_17869 2825 -510 45246 27376 30201
Edge	2590	623	623	0	0	0	4	-1
	Sequence	+edge_1296_0_+disjointig_242_6888_45395 38507 158 45446 6888 45395
Edge	2591	635	635	0	0	0	4	-1
	Sequence	-edge_1296_0_+disjointig_242_6888_45395 38507 -158 45446 50 38557
Edge	2594	461	461	0	0	0	6	-1
	Sequence	+edge_1298_0_+disjointig_266_9795_52322 42527 182 56955 9795 52322
Edge	2595	460	460	0	0	0	6	-1
	Sequence	-edge_1298_0_+disjointig_266_9795_52322 42527 -182 56955 4632 47159
Edge	2596	456	1073	0	0	0	9	-1
	Sequence	+edge_1299_0_+disjointig_27_18749_20914 2165 185 69484 18749 20914
	Sequence	+edge_1299_1_+disjointig_430_11443_13653 2210 361 39422 11443 13653
	Sequence	+edge_1299_2_-disjointig_864_4771_7364 2593 -834 14423 4771 7364
Edge	2597	1213	1064	0	0	0	9	-1
	Sequence	-edge_1299_0_+disjointig_27_18749_20914 2165 -185 69484 48569 50734
	Sequence	-edge_1299_1_+disjointig_430_11443_13653 2210 -361 39422 25768 27978
	Sequence	-edge_1299_2_-disjointig_864_4771_7364 2593 834 14423 7058 9651
Edge	2598	211	430	0	0	0	4	-1
	Sequence	+edge_1300_0_-disjointig_430_27978_39421 11443 -361 39422 27978 39421
Edge	2599	1126	54	0	0	0	4	-1
	Sequence	-edge_1300_0_-disjointig_430_27978_39421 11443 361 39422 0 11443
Edge	2600	27	703	0	0	0	5	-1
	Sequence	+edge_1301_0_+disjointig_27_31551_69483 37932 185 69484 31551 69483
Edge	2601	586	26	0	0	0	5	-1
	Sequence	-edge_1301_0_+disjointig_27_31551_69483 37932 -185 69484 0 37932
Edge	2610	1166	415	1	0	0	1	-1
	Sequence	+edge_1306_0_+disjointig_290_0_25639 25639 208 45183 0 25639
Edge	2611	625	806	1	0	0	1	-1
	Sequence	-edge_1306_0_+disjointig_290_0_25639 25639 -208 45183 19543 45182
Edge	2614	139	797	1	0	0	2	-1
	Sequence	+edge_1308_0_+disjointig_30_30151_41064 10913 219 84915 30151 41064
Edge	2615	872	1149	1	0	0	2	-1
	Sequence	-edge_1308_0_+disjointig_30_30151_41064 10913 -219 84915 43850 54763
Edge	2618	908	908	0	0	0	3	-1
	Sequence	+edge_1310_0_+disjointig_307_16322_46006 29684 227 46029 16322 46006
Edge	2619	560	560	0	0	0	3	-1
	Sequence	-edge_1310_0_+disjointig_307_16322_46006 29684 -227 46029 22 29706
Edge	2620	53	1130	0	0	0	9	-1
	Sequence	+edge_1311_0_+disjointig_47_34035_37643 3608 404 37644 34035 37643
Edge	2621	841	52	0	0	0	9	-1
	Sequence	-edge_1311_0_+disjointig_47_34035_37643 3608 -404 37644 0 3608
Edge	2622	778	1016	0	0	0	3	-1
	Sequence	+edge_1312_0_+disjointig_333_0_9291 9291 255 14569 0 9291
Edge	2623	1017	809	0	0	0	3	-1
	Sequence	-edge_1312_0_+disjointig_333_0_9291 9291 -255 14569 5277 14568
Edge	2624	1014	1050	0	0	1	4	-1
	Sequence	+edge_1313_0_+disjointig_358_12842_19567 6725 282 54222 12842 19567
Edge	2625	1051	1054	0	0	1	4	-1
	Sequence	-edge_1313_0_+disjointig_358_12842_19567 6725 -282 54222 34654 41379
Edge	2626	677	1203	1	0	0	13	-1
	Sequence	+edge_1314_0_+disjointig_374_22804_26522 3718 299 37710 22804 26522
	Sequence	+edge_1314_1_-disjointig_47_20565_24314 3749 -404 37644 20565 24314
	Sequence	+edge_1314_2_-disjointig_600_23710_27053 3343 -548 40176 23710 27053
	Sequence	+edge_1314_3_+disjointig_711_22199_25864 3665 669 29480 22199 25864
	Sequence	+edge_1314_4_+disjointig_733_23099_26746 3647 692 39643 23099 26746
	Sequence	+edge_1314_5_-disjointig_819_23275_26284 3009 -785 38457 23275 26284
Edge	2627	1204	1107	1	0	0	13	-1
	Sequence	-edge_1314_0_+disjointig_374_22804_26522 3718 -299 37710 11187 14905
	Sequence	-edge_1314_1_-disjointig_47_20565_24314 3749 404 37644 13329 17078
	Sequence	-edge_1314_2_-disjointig_600_23710_27053 3343 548 40176 13122 16465
	Sequence	-edge_1314_3_+disjointig_711_22199_25864 3665 -669 29480 3615 7280
	Sequence	-edge_1314_4_+disjointig_733_23099_26746 3647 -692 39643 12896 16543
	Sequence	-edge_1314_5_-disjointig_819_23275_26284 3009 785 38457 12172 15181
Edge	2628	1203	4	1	0	0	11	-1
	Sequence	+edge_1315_0_+disjointig_374_26522_29758 3236 299 37710 26522 29758
	Sequence	+edge_1315_1_-disjointig_47_24314_27403 3089 -404 37644 24314 27403
	Sequence	+edge_1315_2_-disjointig_600_27053_30438 3385 -548 40176 27053 30438
	Sequence	+edge_1315_3_+disjointig_632_26970_30332 3362 582 38665 26970 30332
	Sequence	+edge_1315_4_+disjointig_733_26746_29837 3091 692 39643 26746 29837
	Sequence	+edge_1315_5_-disjointig_819_26284_29646 3362 -785 38457 26284 29646
Edge	2629	129	1204	1	0	0	11	-1
	Sequence	-edge_1315_0_+disjointig_374_26522_29758 3236 -299 37710 7951 11187
	Sequence	-edge_1315_1_-disjointig_47_24314_27403 3089 404 37644 10240 13329
	Sequence	-edge_1315_2_-disjointig_600_27053_30438 3385 548 40176 9737 13122
	Sequence	-edge_1315_3_+disjointig_632_26970_30332 3362 -582 38665 8332 11694
	Sequence	-edge_1315_4_+disjointig_733_26746_29837 3091 -692 39643 9805 12896
	Sequence	-edge_1315_5_-disjointig_819_26284_29646 3362 785 38457 8810 12172
Edge	2630	3	1077	1	0	0	17	-1
	Sequence	+edge_1316_0_+disjointig_374_31033_34207 3174 299 37710 31033 34207
	Sequence	+edge_1316_1_-disjointig_47_30757_33945 3188 -404 37644 30757 33945
	Sequence	+edge_1316_2_-disjointig_600_33864_36871 3007 -548 40176 33864 36871
	Sequence	+edge_1316_3_+disjointig_632_33638_36531 2893 582 38665 33638 36531
	Sequence	+edge_1316_4_+disjointig_733_33191_36041 2850 692 39643 33191 36041
	Sequence	+edge_1316_5_-disjointig_819_32987_36006 3019 -785 38457 32987 36006
Edge	2631	1078	811	1	0	0	17	-1
	Sequence	-edge_1316_0_+disjointig_374_31033_34207 3174 -299 37710 3502 6676
	Sequence	-edge_1316_1_-disjointig_47_30757_33945 3188 404 37644 3698 6886
	Sequence	-edge_1316_2_-disjointig_600_33864_36871 3007 548 40176 3304 6311
	Sequence	-edge_1316_3_+disjointig_632_33638_36531 2893 -582 38665 2133 5026
	Sequence	-edge_1316_4_+disjointig_733_33191_36041 2850 -692 39643 3601 6451
	Sequence	-edge_1316_5_-disjointig_819_32987_36006 3019 785 38457 2450 5469
Edge	2632	302	2	0	0	0	7	-1
	Sequence	+edge_1317_0_+disjointig_41_17381_51967 34586 339 66111 17381 51967
Edge	2633	1	473	0	0	0	7	-1
	Sequence	-edge_1317_0_+disjointig_41_17381_51967 34586 -339 66111 14143 48729
Edge	2634	1142	191	0	0	0	3	-1
	Sequence	+edge_1318_0_-disjointig_94_2521_17965 15444 -915 17966 2521 17965
Edge	2635	239	1083	0	0	0	3	-1
	Sequence	-edge_1318_0_-disjointig_94_2521_17965 15444 915 17966 0 15444
Edge	2638	968	538	0	0	0	11	-1
	Sequence	+edge_1320_0_+disjointig_449_4940_11595 6655 381 24716 4940 11595
	Sequence	+edge_1320_1_-disjointig_72_41815_48490 6675 -677 98001 41815 48490
Edge	2639	421	682	0	0	0	11	-1
	Sequence	-edge_1320_0_+disjointig_449_4940_11595 6655 -381 24716 13120 19775
	Sequence	-edge_1320_1_-disjointig_72_41815_48490 6675 677 98001 49510 56185
Edge	2640	985	893	0	0	0	6	-1
	Sequence	+edge_1321_0_+disjointig_53_30463_37866 7403 471 95918 30463 37866
	Sequence	+edge_1321_1_+disjointig_53_59316_67362 8046 471 95918 59316 67362
Edge	2641	0	493	0	0	0	6	-1
	Sequence	-edge_1321_0_+disjointig_53_30463_37866 7403 -471 95918 58051 65454
	Sequence	-edge_1321_1_+disjointig_53_59316_67362 8046 -471 95918 28555 36601
Edge	2650	326	340	0	0	0	3	-1
	Sequence	+edge_1326_0_+disjointig_662_0_9650 9650 614 21005 0 9650
Edge	2651	925	324	0	0	0	3	-1
	Sequence	-edge_1326_0_+disjointig_662_0_9650 9650 -614 21005 11354 21004
Edge	2654	250	247	0	0	0	4	-1
	Sequence	+edge_1328_0_+disjointig_73_3928_26935 23007 688 26936 3928 26935
Edge	2655	246	249	0	0	0	4	-1
	Sequence	-edge_1328_0_+disjointig_73_3928_26935 23007 -688 26936 0 23007
Edge	2656	437	112	0	0	0	5	-1
	Sequence	+edge_1329_0_-disjointig_787_11641_16838 5197 -749 24624 11641 16838
	Sequence	+edge_1329_1_-disjointig_787_3205_8343 5138 -749 24624 3205 8343
Edge	2657	113	49	0	0	0	5	-1
	Sequence	-edge_1329_0_-disjointig_787_11641_16838 5197 749 24624 7785 12982
	Sequence	-edge_1329_1_-disjointig_787_3205_8343 5138 749 24624 16280 21418
Edge	2660	889	889	1	0	0	2	-1
	Sequence	+edge_1331_0_+disjointig_925_13060_18891 5831 899 23855 13060 18891
Edge	2661	342	342	1	0	0	2	-1
	Sequence	-edge_1331_0_+disjointig_925_13060_18891 5831 -899 23855 4963 10794
Edge	2666	297	184	0	0	0	10	-1
	Sequence	+edge_1334_0_+7518b8ea-e581-41d6-9943-1d63608c7e94_2553_11915 9362 * 0 0 0
Edge	2667	792	157	0	0	0	10	-1
	Sequence	-edge_1334_0_+7518b8ea-e581-41d6-9943-1d63608c7e94_2553_11915 9362 * 0 0 0
Edge	2668	156	983	0	0	0	7	-1
	Sequence	+edge_1335_0_-825f4ba5-8651-4938-af8d-41c1006b3eff_6753_16012 9259 * 0 0 0
Edge	2669	155	955	0	0	0	7	-1
	Sequence	-edge_1335_0_-825f4ba5-8651-4938-af8d-41c1006b3eff_6753_16012 9259 * 0 0 0
Edge	2670	154	554	0	0	0	10	-1
	Sequence	+edge_1336_0_+68ccbbfb-49cf-4332-af02-a5ec032cb38f_11690_13815 2125 * 0 0 0
Edge	2671	153	152	0	0	0	10	-1
	Sequence	-edge_1336_0_+68ccbbfb-49cf-4332-af02-a5ec032cb38f_11690_13815 2125 * 0 0 0
Edge	2672	749	432	0	0	0	11	-1
	Sequence	+edge_1337_0_+65ea7385-354f-48a0-89d4-2d891df0db5d_3729_6483 2754 * 0 0 0
Edge	2673	377	151	0	0	0	11	-1
	Sequence	-edge_1337_0_+65ea7385-354f-48a0-89d4-2d891df0db5d_3729_6483 2754 * 0 0 0
Edge	2674	150	594	1	0	0	1	-1
	Sequence	+edge_1338_0_+09db06e3-a6d1-4ceb-81ea-3c16fdd337fd_1157_3359 2202 * 0 0 0
Edge	2675	918	874	1	0	0	1	-1
	Sequence	-edge_1338_0_+09db06e3-a6d1-4ceb-81ea-3c16fdd337fd_1157_3359 2202 * 0 0 0
Edge	2676	1215	515	1	0	0	1	-1
	Sequence	+edge_1339_0_-382bfb7c-dcd8-4c23-b2f7-f813f770cb9d_5591_7777 2186 * 0 0 0
Edge	2677	149	148	1	0	0	1	-1
	Sequence	-edge_1339_0_-382bfb7c-dcd8-4c23-b2f7-f813f770cb9d_5591_7777 2186 * 0 0 0
Edge	2678	147	558	1	0	0	1	-1
	Sequence	+edge_1340_0_-b8954542-0960-430d-bb0b-ec0d0b6104e8_1483_4091 2608 * 0 0 0
Edge	2679	929	146	1	0	0	1	-1
	Sequence	-edge_1340_0_-b8954542-0960-430d-bb0b-ec0d0b6104e8_1483_4091 2608 * 0 0 0
Edge	2680	145	144	1	0	0	2	-1
	Sequence	+edge_1341_0_+aedc3913-4c22-47ea-b906-99d6964e0a98_9702_11972 2270 * 0 0 0
Edge	2681	143	905	1	0	0	2	-1
	Sequence	-edge_1341_0_+aedc3913-4c22-47ea-b906-99d6964e0a98_9702_11972 2270 * 0 0 0
Edge	2682	142	400	1	0	0	2	-1
	Sequence	+edge_1342_0_+2372a1c2-ee13-4c77-9df1-a697636aa8c7_15622_18913 3291 * 0 0 0
Edge	2683	141	901	1	0	0	2	-1
	Sequence	-edge_1342_0_+2372a1c2-ee13-4c77-9df1-a697636aa8c7_15622_18913 3291 * 0 0 0
Edge	2684	1090	225	1	0	0	1	-1
	Sequence	+edge_1343_0_-8484afcf-d1da-45c9-a526-da9742a3ebc6_2915_6303 3388 * 0 0 0
Edge	2685	140	1208	1	0	0	1	-1
	Sequence	-edge_1343_0_-8484afcf-d1da-45c9-a526-da9742a3ebc6_2915_6303 3388 * 0 0 0
Edge	2686	204	139	1	0	0	2	-1
	Sequence	+edge_1344_0_-6dcd962d-3609-4e2c-bff2-6b8017ff0bb3_3639_5673 2034 * 0 0 0
Edge	2687	1149	138	1	0	0	2	-1
	Sequence	-edge_1344_0_-6dcd962d-3609-4e2c-bff2-6b8017ff0bb3_3639_5673 2034 * 0 0 0
Edge	2688	339	208	1	0	0	1	-1
	Sequence	+edge_1345_0_-8484afcf-d1da-45c9-a526-da9742a3ebc6_12342_14378 2036 * 0 0 0
Edge	2689	1102	524	1	0	0	1	-1
	Sequence	-edge_1345_0_-8484afcf-d1da-45c9-a526-da9742a3ebc6_12342_14378 2036 * 0 0 0
Edge	2690	207	338	1	0	0	2	-1
	Sequence	+edge_1346_0_+64c4b3f2-158a-49c4-a52a-6e57fe861719_19461_22286 2825 * 0 0 0
Edge	2691	517	1103	1	0	0	2	-1
	Sequence	-edge_1346_0_+64c4b3f2-158a-49c4-a52a-6e57fe861719_19461_22286 2825 * 0 0 0
Edge	2692	389	137	1	0	0	2	-1
	Sequence	+edge_1347_0_-e4c66d93-fbb1-4434-b55d-56bd167637b8_7478_10331 2853 * 0 0 0
Edge	2693	136	206	1	0	0	2	-1
	Sequence	-edge_1347_0_-e4c66d93-fbb1-4434-b55d-56bd167637b8_7478_10331 2853 * 0 0 0
Edge	2694	1104	388	1	0	0	3	18
	Sequence	+edge_1348_0_-c42059d7-fb27-45f4-82c1-5ca678c54658_16494_19104 2610 * 0 0 0
Edge	2695	330	135	1	0	0	3	19
	Sequence	-edge_1348_0_-c42059d7-fb27-45f4-82c1-5ca678c54658_16494_19104 2610 * 0 0 0
Edge	2696	387	134	1	0	0	5	18
	Sequence	+edge_1349_0_+f68b0c4b-276e-4cb3-aaca-942c2ce03a5d_8201_10406 2205 * 0 0 0
Edge	2697	133	643	1	0	0	5	19
	Sequence	-edge_1349_0_+f68b0c4b-276e-4cb3-aaca-942c2ce03a5d_8201_10406 2205 * 0 0 0
Edge	2698	896	386	0	0	0	2	-1
	Sequence	+edge_1350_0_-54bc8dff-e96a-4ffb-8722-c7f192ae02b4_2156_5076 2920 * 0 0 0
Edge	2699	132	735	0	0	0	2	-1
	Sequence	-edge_1350_0_-54bc8dff-e96a-4ffb-8722-c7f192ae02b4_2156_5076 2920 * 0 0 0
Edge	2700	382	758	0	0	0	3	-1
	Sequence	+edge_1351_0_+3a7adb00-3e64-4e96-b5ff-55d62ea6e098_4376_7166 2790 * 0 0 0
Edge	2701	464	131	0	0	0	3	-1
	Sequence	-edge_1351_0_+3a7adb00-3e64-4e96-b5ff-55d62ea6e098_4376_7166 2790 * 0 0 0
Edge	2702	812	130	1	0	0	4	20
	Sequence	+edge_1352_0_-d86d310d-a3f6-4d85-b5a6-e2ce0825bbd8_1958_5047 3089 * 0 0 0
Edge	2703	969	128	1	0	0	4	21
	Sequence	-edge_1352_0_-d86d310d-a3f6-4d85-b5a6-e2ce0825bbd8_1958_5047 3089 * 0 0 0
Edge	2704	205	127	1	0	0	2	20
	Sequence	+edge_1353_0_-218197ae-c7bf-4769-be05-5f031d14dbeb_12814_15877 3063 * 0 0 0
Edge	2705	1122	375	1	0	0	2	21
	Sequence	-edge_1353_0_-218197ae-c7bf-4769-be05-5f031d14dbeb_12814_15877 3063 * 0 0 0
Edge	2706	729	126	0	0	0	8	-1
	Sequence	+edge_1354_0_+9616c708-f40e-4b4e-855e-6e0c1fa6a095_2029_6661 4632 * 0 0 0
Edge	2707	1173	833	0	0	0	8	-1
	Sequence	-edge_1354_0_+9616c708-f40e-4b4e-855e-6e0c1fa6a095_2029_6661 4632 * 0 0 0
Edge	2708	125	348	1	0	0	2	-1
	Sequence	+edge_1355_0_-7675f00e-fee5-4906-89f4-bf9da6b5af62_10632_17058 6426 * 0 0 0
Edge	2709	813	124	1	0	0	2	-1
	Sequence	-edge_1355_0_-7675f00e-fee5-4906-89f4-bf9da6b5af62_10632_17058 6426 * 0 0 0
Edge	2710	954	123	0	0	0	3	-1
	Sequence	+edge_1356_0_+cc475f19-31ad-447a-8eba-34f0d2ca3aca_14949_21904 6955 * 0 0 0
Edge	2711	122	438	0	0	0	3	-1
	Sequence	-edge_1356_0_+cc475f19-31ad-447a-8eba-34f0d2ca3aca_14949_21904 6955 * 0 0 0
Edge	2712	121	120	0	0	0	1	-1
	Sequence	+edge_1357_0_-4bd49eb5-db9b-44f3-b67d-c87b06e1bfb1_8763_15532 6769 * 0 0 0
Edge	2713	119	312	0	0	0	1	-1
	Sequence	-edge_1357_0_-4bd49eb5-db9b-44f3-b67d-c87b06e1bfb1_8763_15532 6769 * 0 0 0
Edge	2714	118	307	0	0	0	6	-1
	Sequence	+edge_1358_0_-94577301-890f-404c-9bb1-3b38dd211aa3_8754_15999 7245 * 0 0 0
Edge	2715	903	117	0	0	0	6	-1
	Sequence	-edge_1358_0_-94577301-890f-404c-9bb1-3b38dd211aa3_8754_15999 7245 * 0 0 0
Edge	2716	116	115	0	0	0	7	-1
	Sequence	+edge_1359_0_-1a023005-60a1-4f57-bd0d-95690e97445a_1884_9912 8028 * 0 0 0
Edge	2717	1114	114	0	0	0	7	-1
	Sequence	-edge_1359_0_-1a023005-60a1-4f57-bd0d-95690e97445a_1884_9912 8028 * 0 0 0
Edge	2726	37	546	0	0	0	8	-1
	Sequence	+edge_1364_haplotype 1618 * 0 0 0
Edge	2727	36	35	0	0	0	8	-1
	Sequence	-edge_1364_haplotype 1618 * 0 0 0
Edge	2728	193	34	0	0	0	10	-1
	Sequence	+edge_1365_haplotype 2860 * 0 0 0
Edge	2729	33	32	0	0	0	10	-1
	Sequence	-edge_1365_haplotype 2860 * 0 0 0
Edge	2730	31	276	0	0	0	3	-1
	Sequence	+edge_1366_haplotype 1005 * 0 0 0
Edge	2731	30	29	0	0	0	3	-1
	Sequence	-edge_1366_haplotype 1005 * 0 0 0
Edge	2732	28	27	0	0	0	8	-1
	Sequence	+edge_1367_haplotype 8838 * 0 0 0
Edge	2733	26	448	0	0	0	8	-1
	Sequence	-edge_1367_haplotype 8838 * 0 0 0
Edge	2738	782	18	0	0	0	11	-1
	Sequence	+edge_1370_haplotype 5144 * 0 0 0
Edge	2739	17	16	0	0	0	11	-1
	Sequence	-edge_1370_haplotype 5144 * 0 0 0
Edge	2740	15	14	0	0	0	10	-1
	Sequence	+edge_1371_haplotype 1019 * 0 0 0
Edge	2741	221	13	0	0	0	10	-1
	Sequence	-edge_1371_haplotype 1019 * 0 0 0
Edge	2742	12	11	1	0	0	3	-1
	Sequence	+edge_1372_haplotype 2568 * 0 0 0
Edge	2743	10	9	1	0	0	3	-1
	Sequence	-edge_1372_haplotype 2568 * 0 0 0
Edge	2744	475	188	0	0	0	10	-1
	Sequence	+edge_1373_haplotype 4078 * 0 0 0
Edge	2745	1188	8	0	0	0	10	-1
	Sequence	-edge_1373_haplotype 4078 * 0 0 0
Edge	2746	7	6	0	0	0	10	-1
	Sequence	+edge_1374_haplotype 25898 * 0 0 0
Edge	2747	229	5	0	0	0	10	-1
	Sequence	-edge_1374_haplotype 25898 * 0 0 0
Edge	2748	4	3	1	0	0	14	-1
	Sequence	+edge_1375_haplotype 1275 * 0 0 0
Edge	2749	811	129	1	0	0	14	-1
	Sequence	-edge_1375_haplotype 1275 * 0 0 0
Edge	2750	2	302	0	0	0	7	-1
	Sequence	+edge_1376_haplotype 5655 * 0 0 0
Edge	2751	473	1	0	0	0	7	-1
	Sequence	-edge_1376_haplotype 5655 * 0 0 0
Edge	2752	893	985	0	0	0	6	-1
	Sequence	+edge_1377_haplotype 21431 * 0 0 0
Edge	2753	493	0	0	0	0	6	-1
	Sequence	-edge_1377_haplotype 21431 * 0 0 0
