Edge	2	1279	733	0	0	0	3	-1
	Sequence	+edge_2_0_+disjointig_10_0_15885 15885 2 15886 0 15885
Edge	3	971	659	0	0	0	3	-1
	Sequence	-edge_2_0_+disjointig_10_0_15885 15885 -2 15886 0 15885
Edge	16	601	645	0	0	0	5	-1
	Sequence	+edge_9_0_+disjointig_106_0_11669 11669 9 11670 0 11669
Edge	17	650	821	0	0	0	5	-1
	Sequence	-edge_9_0_+disjointig_106_0_11669 11669 -9 11670 0 11669
Edge	28	508	1240	0	0	0	9	-1
	Sequence	+edge_15_0_+disjointig_109_0_1460 1460 12 1461 0 1460
Edge	29	805	624	0	0	0	9	-1
	Sequence	-edge_15_0_+disjointig_109_0_1460 1460 -12 1461 0 1460
Edge	34	40	1057	0	0	0	5	-1
	Sequence	+edge_18_0_+disjointig_110_25616_27922 2306 14 69451 25616 27922
	Sequence	+edge_18_1_+disjointig_110_65308_67623 2315 14 69451 65308 67623
Edge	35	450	41	0	0	0	5	-1
	Sequence	-edge_18_0_+disjointig_110_25616_27922 2306 -14 69451 41528 43834
	Sequence	-edge_18_1_+disjointig_110_65308_67623 2315 -14 69451 1827 4142
Edge	36	41	450	0	0	0	3	-1
	Sequence	+edge_19_0_-disjointig_110_4142_41528 37386 -14 69451 4142 41528
Edge	37	1057	40	0	0	0	3	-1
	Sequence	-edge_19_0_-disjointig_110_4142_41528 37386 14 69451 27922 65308
Edge	40	701	642	0	0	0	3	-1
	Sequence	+edge_21_0_+disjointig_111_0_28351 28351 15 28352 0 28351
Edge	41	730	703	0	0	0	3	-1
	Sequence	-edge_21_0_+disjointig_111_0_28351 28351 -15 28352 0 28351
Edge	42	764	817	0	0	0	7	-1
	Sequence	+edge_22_0_+disjointig_112_0_3745 3745 16 3746 0 3745
Edge	43	637	709	0	0	0	7	-1
	Sequence	-edge_22_0_+disjointig_112_0_3745 3745 -16 3746 0 3745
Edge	44	715	1097	0	0	0	4	-1
	Sequence	+edge_23_0_+disjointig_113_0_3225 3225 17 3226 0 3225
Edge	45	806	757	0	0	0	4	-1
	Sequence	-edge_23_0_+disjointig_113_0_3225 3225 -17 3226 0 3225
Edge	50	343	264	0	0	0	4	-1
	Sequence	+edge_26_0_+disjointig_116_0_1317 1317 20 13751 0 1317
Edge	51	88	890	0	0	0	4	-1
	Sequence	-edge_26_0_+disjointig_116_0_1317 1317 -20 13751 12433 13750
Edge	52	738	34	0	0	0	8	-1
	Sequence	+edge_27_0_+disjointig_116_1317_6595 5278 20 13751 1317 6595
	Sequence	+edge_27_1_+disjointig_409_1659_6944 5285 332 13394 1659 6944
Edge	53	33	655	0	0	0	8	-1
	Sequence	-edge_27_0_+disjointig_116_1317_6595 5278 -20 13751 7155 12433
	Sequence	-edge_27_1_+disjointig_409_1659_6944 5285 -332 13394 6449 11734
Edge	54	87	1160	0	0	0	5	-1
	Sequence	+edge_28_0_-disjointig_409_11734_13393 1659 -332 13394 11734 13393
Edge	55	1159	664	0	0	0	5	-1
	Sequence	-edge_28_0_-disjointig_409_11734_13393 1659 332 13394 0 1659
Edge	56	706	1149	1	0	0	3	40
	Sequence	+edge_29_0_+disjointig_116_6595_7622 1027 20 13751 6595 7622
Edge	57	693	739	1	0	0	3	41
	Sequence	-edge_29_0_+disjointig_116_6595_7622 1027 -20 13751 6128 7155
Edge	58	706	1149	1	0	0	6	40
	Sequence	+edge_30_0_+disjointig_409_6944_8562 1618 332 13394 6944 8562
Edge	59	693	739	1	0	0	6	41
	Sequence	-edge_30_0_+disjointig_409_6944_8562 1618 -332 13394 4831 6449
Edge	60	1102	743	0	0	0	9	-1
	Sequence	+edge_31_0_+disjointig_116_7622_10801 3179 20 13751 7622 10801
	Sequence	+edge_31_1_+disjointig_409_8562_11754 3192 332 13394 8562 11754
Edge	61	779	966	0	0	0	9	-1
	Sequence	-edge_31_0_+disjointig_116_7622_10801 3179 -20 13751 2949 6128
	Sequence	-edge_31_1_+disjointig_409_8562_11754 3192 -332 13394 1639 4831
Edge	62	743	639	0	0	0	3	-1
	Sequence	+edge_32_0_+disjointig_116_10801_13750 2949 20 13751 10801 13750
Edge	63	1152	779	0	0	0	3	-1
	Sequence	-edge_32_0_+disjointig_116_10801_13750 2949 -20 13751 0 2949
Edge	66	653	744	0	0	0	3	-1
	Sequence	+edge_34_0_+disjointig_117_0_5117 5117 21 5118 0 5117
Edge	67	820	731	0	0	0	3	-1
	Sequence	-edge_34_0_+disjointig_117_0_5117 5117 -21 5118 0 5117
Edge	68	681	978	0	0	0	3	-1
	Sequence	+edge_35_0_+disjointig_118_0_10491 10491 22 10492 0 10491
Edge	69	793	332	0	0	0	3	-1
	Sequence	-edge_35_0_+disjointig_118_0_10491 10491 -22 10492 0 10491
Edge	74	863	614	0	0	0	20	-1
	Sequence	+edge_38_0_+disjointig_12_5202_7128 1926 24 7280 5202 7128
	Sequence	+edge_38_1_+disjointig_32_14492_16420 1928 236 16571 14492 16420
Edge	75	1308	618	0	0	0	20	-1
	Sequence	-edge_38_0_+disjointig_12_5202_7128 1926 -24 7280 151 2077
	Sequence	-edge_38_1_+disjointig_32_14492_16420 1928 -236 16571 150 2078
Edge	76	618	1151	0	0	0	13	-1
	Sequence	+edge_39_0_-disjointig_32_2078_2852 774 -236 16571 2078 2852
Edge	77	855	863	0	0	0	13	-1
	Sequence	-edge_39_0_-disjointig_32_2078_2852 774 236 16571 13718 14492
Edge	82	463	748	0	0	0	3	-1
	Sequence	+edge_42_0_+disjointig_121_0_39734 39734 26 39735 0 39734
Edge	83	519	669	0	0	0	3	-1
	Sequence	-edge_42_0_+disjointig_121_0_39734 39734 -26 39735 0 39734
Edge	88	109	1165	0	0	0	1	-1
	Sequence	+edge_45_0_+disjointig_587_2787_7555 4768 524 21691 2787 7555
Edge	89	246	1119	0	0	0	1	-1
	Sequence	-edge_45_0_+disjointig_587_2787_7555 4768 -524 21691 14135 18903
Edge	94	460	569	0	0	0	3	-1
	Sequence	+edge_48_0_+disjointig_123_0_11362 11362 28 11363 0 11362
Edge	95	608	606	0	0	0	3	-1
	Sequence	-edge_48_0_+disjointig_123_0_11362 11362 -28 11363 0 11362
Edge	98	593	600	0	0	0	3	-1
	Sequence	+edge_50_0_+disjointig_125_0_1743 1743 30 10070 0 1743
Edge	99	749	599	0	0	0	3	-1
	Sequence	-edge_50_0_+disjointig_125_0_1743 1743 -30 10070 8326 10069
Edge	106	84	552	0	0	0	3	-1
	Sequence	+edge_54_0_+disjointig_125_8226_10069 1843 30 10070 8226 10069
Edge	107	330	83	0	0	0	3	-1
	Sequence	-edge_54_0_+disjointig_125_8226_10069 1843 -30 10070 0 1843
Edge	108	592	783	0	0	0	5	-1
	Sequence	+edge_55_0_-disjointig_161_7854_37199 29345 -69 37200 7854 37199
Edge	109	874	804	0	0	0	5	-1
	Sequence	-edge_55_0_-disjointig_161_7854_37199 29345 69 37200 0 29345
Edge	110	1339	591	0	0	0	3	-1
	Sequence	+edge_56_0_+disjointig_126_0_14062 14062 31 14063 0 14062
Edge	111	888	679	0	0	0	3	-1
	Sequence	-edge_56_0_+disjointig_126_0_14062 14062 -31 14063 0 14062
Edge	116	1326	560	0	0	0	3	-1
	Sequence	+edge_59_0_+disjointig_129_0_22744 22744 34 22745 0 22744
Edge	117	621	1328	0	0	0	3	-1
	Sequence	-edge_59_0_+disjointig_129_0_22744 22744 -34 22745 0 22744
Edge	120	687	470	0	0	0	15	-1
	Sequence	+edge_61_0_+disjointig_131_0_2569 2569 36 2570 0 2569
Edge	121	381	586	0	0	0	15	-1
	Sequence	-edge_61_0_+disjointig_131_0_2569 2569 -36 2570 0 2569
Edge	126	572	613	0	0	0	3	-1
	Sequence	+edge_64_0_+disjointig_134_0_6263 6263 39 6264 0 6263
Edge	127	571	702	0	0	0	3	-1
	Sequence	-edge_64_0_+disjointig_134_0_6263 6263 -39 6264 0 6263
Edge	134	953	881	1	0	0	12	43
	Sequence	+edge_68_0_+disjointig_135_3331_11141 7810 40 29934 3331 11141
Edge	135	173	957	1	0	0	12	42
	Sequence	-edge_68_0_+disjointig_135_3331_11141 7810 -40 29934 18792 26602
Edge	136	953	833	1	0	0	10	43
	Sequence	+edge_69_0_+disjointig_370_4462_11966 7504 291 30029 4462 11966
	Sequence	+edge_69_1_+disjointig_45_3368_11198 7830 376 30796 3368 11198
Edge	137	719	957	1	0	0	10	42
	Sequence	-edge_69_0_+disjointig_370_4462_11966 7504 -291 30029 18062 25566
	Sequence	-edge_69_1_+disjointig_45_3368_11198 7830 -376 30796 19597 27427
Edge	144	1161	672	1	0	0	7	43
	Sequence	+edge_73_0_+disjointig_135_14630_19691 5061 40 29934 14630 19691
Edge	145	568	1163	1	0	0	7	42
	Sequence	-edge_73_0_+disjointig_135_14630_19691 5061 -40 29934 10242 15303
Edge	146	1267	672	1	0	0	11	43
	Sequence	+edge_74_0_+disjointig_370_15342_19491 4149 291 30029 15342 19491
	Sequence	+edge_74_1_+disjointig_45_14684_18631 3947 376 30796 14684 18631
Edge	147	568	117	1	0	0	11	42
	Sequence	-edge_74_0_+disjointig_370_15342_19491 4149 -291 30029 10537 14686
	Sequence	-edge_74_1_+disjointig_45_14684_18631 3947 -376 30796 12164 16111
Edge	148	932	699	0	0	0	21	-1
	Sequence	+edge_75_0_+disjointig_135_19691_20560 869 40 29934 19691 20560
	Sequence	+edge_75_1_+disjointig_370_19491_20366 875 291 30029 19491 20366
	Sequence	+edge_75_2_+disjointig_45_18631_19498 867 376 30796 18631 19498
Edge	149	766	746	0	0	0	21	-1
	Sequence	-edge_75_0_+disjointig_135_19691_20560 869 -40 29934 9373 10242
	Sequence	-edge_75_1_+disjointig_370_19491_20366 875 -291 30029 9662 10537
	Sequence	-edge_75_2_+disjointig_45_18631_19498 867 -376 30796 11297 12164
Edge	150	82	781	0	0	0	19	-1
	Sequence	+edge_76_0_+disjointig_135_20560_28117 7557 40 29934 20560 28117
	Sequence	+edge_76_1_+disjointig_45_19498_26877 7379 376 30796 19498 26877
Edge	151	567	1107	0	0	0	19	-1
	Sequence	-edge_76_0_+disjointig_135_20560_28117 7557 -40 29934 1816 9373
	Sequence	-edge_76_1_+disjointig_45_19498_26877 7379 -376 30796 3918 11297
Edge	152	81	1106	0	0	0	10	-1
	Sequence	+edge_77_0_+disjointig_370_20366_30028 9662 291 30029 20366 30028
Edge	153	1108	80	0	0	0	10	-1
	Sequence	-edge_77_0_+disjointig_370_20366_30028 9662 -291 30029 0 9662
Edge	154	781	1229	0	0	0	17	-1
	Sequence	+edge_78_0_+disjointig_135_28117_29933 1816 40 29934 28117 29933
Edge	155	651	567	0	0	0	17	-1
	Sequence	-edge_78_0_+disjointig_135_28117_29933 1816 -40 29934 0 1816
Edge	162	412	1130	0	0	0	8	-1
	Sequence	+edge_82_0_+disjointig_138_0_12186 12186 43 12187 0 12186
Edge	163	1378	1379	0	0	0	8	-1
	Sequence	-edge_82_0_+disjointig_138_0_12186 12186 -43 12187 0 12186
Edge	164	753	1374	0	0	0	5	-1
	Sequence	+edge_83_0_+disjointig_139_0_6219 6219 44 6220 0 6219
Edge	165	1376	668	0	0	0	5	-1
	Sequence	-edge_83_0_+disjointig_139_0_6219 6219 -44 6220 0 6219
Edge	174	352	475	0	0	0	3	-1
	Sequence	+edge_88_0_+disjointig_143_0_17480 17480 49 17481 0 17480
Edge	175	554	741	0	0	0	3	-1
	Sequence	-edge_88_0_+disjointig_143_0_17480 17480 -49 17481 0 17480
Edge	176	725	590	0	0	0	3	-1
	Sequence	+edge_89_0_+disjointig_144_0_13949 13949 50 13950 0 13949
Edge	177	718	822	0	0	0	3	-1
	Sequence	-edge_89_0_+disjointig_144_0_13949 13949 -50 13950 0 13949
Edge	194	850	722	0	0	0	3	-1
	Sequence	+edge_98_0_+disjointig_148_13096_17226 4130 54 17227 13096 17226
Edge	195	1188	545	0	0	0	3	-1
	Sequence	-edge_98_0_+disjointig_148_13096_17226 4130 -54 17227 0 4130
Edge	202	788	795	0	0	0	6	-1
	Sequence	+edge_102_0_+disjointig_150_0_6850 6850 57 6851 0 6850
Edge	203	658	563	0	0	0	6	-1
	Sequence	-edge_102_0_+disjointig_150_0_6850 6850 -57 6851 0 6850
Edge	216	968	692	0	0	0	3	-1
	Sequence	+edge_109_0_+disjointig_153_0_14962 14962 60 14963 0 14962
Edge	217	747	647	0	0	0	3	-1
	Sequence	-edge_109_0_+disjointig_153_0_14962 14962 -60 14963 0 14962
Edge	222	1258	1251	0	0	0	4	-1
	Sequence	+edge_112_0_+disjointig_156_0_12679 12679 63 12680 0 12679
Edge	223	736	831	0	0	0	4	-1
	Sequence	-edge_112_0_+disjointig_156_0_12679 12679 -63 12680 0 12679
Edge	236	909	1390	0	0	0	3	-1
	Sequence	+edge_119_0_+disjointig_163_0_2539 2539 71 2540 0 2539
Edge	237	842	845	0	0	0	3	-1
	Sequence	-edge_119_0_+disjointig_163_0_2539 2539 -71 2540 0 2539
Edge	238	849	30	0	0	0	19	-1
	Sequence	+edge_120_0_+disjointig_164_38_1411 1373 72 33158 38 1411
	Sequence	+edge_120_1_+disjointig_422_43_1402 1359 347 35839 43 1402
	Sequence	+edge_120_2_+disjointig_771_41_1408 1367 720 18435 41 1408
Edge	239	28	1073	0	0	0	19	-1
	Sequence	-edge_120_0_+disjointig_164_38_1411 1373 -72 33158 31746 33119
	Sequence	-edge_120_1_+disjointig_422_43_1402 1359 -347 35839 34436 35795
	Sequence	-edge_120_2_+disjointig_771_41_1408 1367 -720 18435 17026 18393
Edge	240	1071	489	1	0	0	4	44
	Sequence	+edge_121_0_+disjointig_164_1411_2687 1276 72 33158 1411 2687
Edge	241	836	1072	1	0	0	4	45
	Sequence	-edge_121_0_+disjointig_164_1411_2687 1276 -72 33158 30470 31746
Edge	242	1071	489	1	0	0	10	44
	Sequence	+edge_122_0_+disjointig_771_1408_2741 1333 720 18435 1408 2741
Edge	243	836	1072	1	0	0	10	45
	Sequence	-edge_122_0_+disjointig_771_1408_2741 1333 -720 18435 15693 17026
Edge	244	1071	773	1	0	0	4	44
	Sequence	+edge_123_0_+disjointig_422_1402_27418 26016 347 35839 1402 27418
Edge	245	395	1072	1	0	0	4	45
	Sequence	-edge_123_0_+disjointig_422_1402_27418 26016 -347 35839 8420 34436
Edge	246	489	723	1	0	0	13	44
	Sequence	+edge_124_0_+disjointig_164_2687_6960 4273 72 33158 2687 6960
	Sequence	+edge_124_1_+disjointig_771_2741_7032 4291 720 18435 2741 7032
Edge	247	615	836	1	0	0	13	45
	Sequence	-edge_124_0_+disjointig_164_2687_6960 4273 -72 33158 26197 30470
	Sequence	-edge_124_1_+disjointig_771_2741_7032 4291 -720 18435 11402 15693
Edge	248	723	773	1	0	0	3	44
	Sequence	+edge_125_0_+disjointig_164_6960_25193 18233 72 33158 6960 25193
Edge	249	395	615	1	0	0	3	45
	Sequence	-edge_125_0_+disjointig_164_6960_25193 18233 -72 33158 7964 26197
Edge	256	564	678	1	0	0	5	47
	Sequence	+edge_129_0_+disjointig_164_27755_30026 2271 72 33158 27755 30026
Edge	257	1271	872	1	0	0	5	46
	Sequence	-edge_129_0_+disjointig_164_27755_30026 2271 -72 33158 3131 5402
Edge	258	564	678	1	0	0	6	47
	Sequence	+edge_130_0_+disjointig_422_29980_32450 2470 347 35839 29980 32450
Edge	259	1271	872	1	0	0	6	46
	Sequence	-edge_130_0_+disjointig_422_29980_32450 2470 -347 35839 3388 5858
Edge	260	25	503	0	0	0	15	-1
	Sequence	+edge_131_0_+disjointig_164_30026_31978 1952 72 33158 30026 31978
	Sequence	+edge_131_1_+disjointig_422_32450_34404 1954 347 35839 32450 34404
Edge	261	501	633	0	0	0	15	-1
	Sequence	-edge_131_0_+disjointig_164_30026_31978 1952 -72 33158 1179 3131
	Sequence	-edge_131_1_+disjointig_422_32450_34404 1954 -347 35839 1434 3388
Edge	262	78	839	0	0	0	3	-1
	Sequence	+edge_132_0_+disjointig_164_31978_33157 1179 72 33158 31978 33157
Edge	263	857	175	0	0	0	3	-1
	Sequence	-edge_132_0_+disjointig_164_31978_33157 1179 -72 33158 0 1179
Edge	264	638	1116	0	0	0	9	-1
	Sequence	+edge_133_0_+disjointig_422_34404_35838 1434 347 35839 34404 35838
Edge	265	1087	1150	0	0	0	9	-1
	Sequence	-edge_133_0_+disjointig_422_34404_35838 1434 -347 35839 0 1434
Edge	266	696	1085	0	0	0	4	-1
	Sequence	+edge_134_0_+disjointig_165_0_14821 14821 73 14822 0 14821
Edge	267	904	858	0	0	0	4	-1
	Sequence	-edge_134_0_+disjointig_165_0_14821 14821 -73 14822 0 14821
Edge	268	646	648	0	0	0	4	-1
	Sequence	+edge_135_0_+disjointig_166_0_22578 22578 74 22579 0 22578
Edge	269	843	847	0	0	0	4	-1
	Sequence	-edge_135_0_+disjointig_166_0_22578 22578 -74 22579 0 22578
Edge	272	1053	558	0	0	0	5	-1
	Sequence	+edge_137_0_+disjointig_168_0_15193 15193 76 15194 0 15193
Edge	273	598	861	0	0	0	5	-1
	Sequence	-edge_137_0_+disjointig_168_0_15193 15193 -76 15194 0 15193
Edge	276	531	1110	0	0	0	3	-1
	Sequence	+edge_139_0_+disjointig_17_0_29535 29535 78 29536 0 29535
Edge	277	769	869	0	0	0	3	-1
	Sequence	-edge_139_0_+disjointig_17_0_29535 29535 -78 29536 0 29535
Edge	286	314	775	0	0	0	8	-1
	Sequence	+edge_144_0_+disjointig_174_0_9981 9981 83 9982 0 9981
Edge	287	876	1034	0	0	0	8	-1
	Sequence	-edge_144_0_+disjointig_174_0_9981 9981 -83 9982 0 9981
Edge	288	877	196	0	0	0	9	-1
	Sequence	+edge_145_0_+disjointig_175_0_8429 8429 84 16646 0 8429
Edge	289	124	661	0	0	0	9	-1
	Sequence	-edge_145_0_+disjointig_175_0_8429 8429 -84 16646 8216 16645
Edge	292	1310	995	0	0	0	9	-1
	Sequence	+edge_147_0_-disjointig_32_8338_11386 3048 -236 16571 8338 11386
Edge	293	993	123	0	0	0	9	-1
	Sequence	-edge_147_0_-disjointig_32_8338_11386 3048 236 16571 5184 8232
Edge	294	126	121	0	0	0	2	-1
	Sequence	+edge_148_0_+disjointig_175_9742_11317 1575 84 16646 9742 11317
Edge	295	581	125	0	0	0	2	-1
	Sequence	-edge_148_0_+disjointig_175_9742_11317 1575 -84 16646 5328 6903
Edge	296	122	988	0	0	0	3	-1
	Sequence	+edge_149_0_+disjointig_32_9551_11033 1482 236 16571 9551 11033
Edge	297	1089	495	0	0	0	3	-1
	Sequence	-edge_149_0_+disjointig_32_9551_11033 1482 -236 16571 5537 7019
Edge	300	789	1364	0	0	0	10	-1
	Sequence	+edge_151_0_+disjointig_175_13979_16645 2666 84 16646 13979 16645
Edge	301	587	195	0	0	0	10	-1
	Sequence	-edge_151_0_+disjointig_175_13979_16645 2666 -84 16646 0 2666
Edge	302	883	884	0	0	0	3	-1
	Sequence	+edge_152_0_+disjointig_176_0_7810 7810 85 7811 0 7810
Edge	303	1354	885	0	0	0	3	-1
	Sequence	-edge_152_0_+disjointig_176_0_7810 7810 -85 7811 0 7810
Edge	304	970	887	0	0	0	11	-1
	Sequence	+edge_153_0_+disjointig_177_0_12455 12455 86 12456 0 12455
Edge	305	946	891	0	0	0	11	-1
	Sequence	-edge_153_0_+disjointig_177_0_12455 12455 -86 12456 0 12455
Edge	306	611	898	0	0	0	9	-1
	Sequence	+edge_154_0_+disjointig_178_0_6802 6802 87 9889 0 6802
Edge	307	77	893	0	0	0	9	-1
	Sequence	-edge_154_0_+disjointig_178_0_6802 6802 -87 9889 3086 9888
Edge	308	359	657	0	0	0	70	-1
	Sequence	+edge_155_0_+disjointig_178_6802_7992 1190 87 9889 6802 7992
	Sequence	+edge_155_1_+disjointig_65_9884_10921 1037 591 13885 9884 10921
	Sequence	+edge_155_2_-disjointig_84_5583_6620 1037 -792 9312 5583 6620
Edge	309	768	604	0	0	0	70	-1
	Sequence	-edge_155_0_+disjointig_178_6802_7992 1190 -87 9889 1896 3086
	Sequence	-edge_155_1_+disjointig_65_9884_10921 1037 -591 13885 2963 4000
	Sequence	-edge_155_2_-disjointig_84_5583_6620 1037 792 9312 2691 3728
Edge	310	76	107	0	0	0	23	-1
	Sequence	+edge_156_0_-disjointig_65_4000_6925 2925 -591 13885 4000 6925
	Sequence	+edge_156_1_+disjointig_84_3728_6645 2917 792 9312 3728 6645
Edge	311	108	75	0	0	0	23	-1
	Sequence	-edge_156_0_-disjointig_65_4000_6925 2925 591 13885 6959 9884
	Sequence	-edge_156_1_+disjointig_84_3728_6645 2917 -792 9312 2666 5583
Edge	312	74	814	0	0	0	16	-1
	Sequence	+edge_157_0_+disjointig_178_7992_9888 1896 87 9889 7992 9888
Edge	313	867	903	0	0	0	16	-1
	Sequence	-edge_157_0_+disjointig_178_7992_9888 1896 -87 9889 0 1896
Edge	314	73	265	0	0	0	97	-1
	Sequence	+edge_158_0_+disjointig_65_10921_13884 2963 591 13885 10921 13884
Edge	315	263	129	0	0	0	97	-1
	Sequence	-edge_158_0_+disjointig_65_10921_13884 2963 -591 13885 0 2963
Edge	316	734	1206	0	0	0	36	-1
	Sequence	+edge_159_0_-disjointig_84_6620_9311 2691 -792 9312 6620 9311
Edge	317	1205	403	0	0	0	36	-1
	Sequence	-edge_159_0_-disjointig_84_6620_9311 2691 792 9312 0 2691
Edge	318	878	879	0	0	0	7	-1
	Sequence	+edge_160_0_+disjointig_179_0_14066 14066 88 14067 0 14066
Edge	319	662	895	0	0	0	7	-1
	Sequence	-edge_160_0_+disjointig_179_0_14066 14066 -88 14067 0 14066
Edge	320	1142	840	0	0	0	3	-1
	Sequence	+edge_161_0_+disjointig_18_0_3728 3728 89 34613 0 3728
Edge	321	920	969	0	0	0	3	-1
	Sequence	-edge_161_0_+disjointig_18_0_3728 3728 -89 34613 30884 34612
Edge	322	840	948	0	0	0	5	-1
	Sequence	+edge_162_0_+disjointig_18_3728_6527 2799 89 34613 3728 6527
	Sequence	+edge_162_1_-disjointig_346_3794_6612 2818 -264 8255 3794 6612
Edge	323	897	920	0	0	0	5	-1
	Sequence	-edge_162_0_+disjointig_18_3728_6527 2799 -89 34613 28085 30884
	Sequence	-edge_162_1_-disjointig_346_3794_6612 2818 264 8255 1642 4460
Edge	338	902	848	0	0	0	6	-1
	Sequence	+edge_170_0_+disjointig_181_9450_13889 4439 91 16908 9450 13889
	Sequence	+edge_170_1_-disjointig_34_36771_41214 4443 -257 45910 36771 41214
Edge	339	575	619	0	0	0	6	-1
	Sequence	-edge_170_0_+disjointig_181_9450_13889 4439 -91 16908 3018 7457
	Sequence	-edge_170_1_-disjointig_34_36771_41214 4443 257 45910 4695 9138
Edge	342	848	905	0	0	0	6	-1
	Sequence	+edge_172_0_+disjointig_181_13889_16907 3018 91 16908 13889 16907
Edge	343	906	575	0	0	0	6	-1
	Sequence	-edge_172_0_+disjointig_181_13889_16907 3018 -91 16908 0 3018
Edge	352	732	915	1	0	0	3	-1
	Sequence	+edge_177_0_+disjointig_184_3248_5237 1989 94 36396 3248 5237
	Sequence	+edge_177_1_+disjointig_184_32545_34534 1989 94 36396 32545 34534
Edge	353	882	911	1	0	0	3	-1
	Sequence	-edge_177_0_+disjointig_184_3248_5237 1989 -94 36396 31158 33147
	Sequence	-edge_177_1_+disjointig_184_32545_34534 1989 -94 36396 1861 3850
Edge	354	911	882	1	0	0	1	-1
	Sequence	+edge_178_0_-disjointig_184_3850_31158 27308 -94 36396 3850 31158
Edge	355	915	732	1	0	0	1	-1
	Sequence	-edge_178_0_-disjointig_184_3850_31158 27308 94 36396 5237 32545
Edge	360	918	751	0	0	0	6	-1
	Sequence	+edge_181_0_+disjointig_185_11589_12696 1107 95 15787 11589 12696
	Sequence	+edge_181_1_-disjointig_530_11201_12318 1117 -464 15420 11201 12318
Edge	361	921	809	0	0	0	6	-1
	Sequence	-edge_181_0_+disjointig_185_11589_12696 1107 -95 15787 3090 4197
	Sequence	-edge_181_1_-disjointig_530_11201_12318 1117 464 15420 3101 4218
Edge	362	105	945	0	0	0	4	-1
	Sequence	+edge_182_0_+disjointig_530_4218_15419 11201 464 15420 4218 15419
Edge	363	1337	69	0	0	0	4	-1
	Sequence	-edge_182_0_+disjointig_530_4218_15419 11201 -464 15420 0 11201
Edge	366	751	816	0	0	0	4	-1
	Sequence	+edge_184_0_-disjointig_530_12318_15419 3101 -464 15420 12318 15419
Edge	367	1336	921	0	0	0	4	-1
	Sequence	-edge_184_0_-disjointig_530_12318_15419 3101 464 15420 0 3101
Edge	372	553	929	0	0	0	1	-1
	Sequence	+edge_187_0_+disjointig_186_34013_35668 1655 96 60143 34013 35668
Edge	373	933	981	0	0	0	1	-1
	Sequence	-edge_187_0_+disjointig_186_34013_35668 1655 -96 60143 24474 26129
Edge	374	230	136	0	0	0	4	-1
	Sequence	+edge_188_0_+disjointig_92_10961_22189 11228 825 22190 10961 22189
Edge	375	135	271	0	0	0	4	-1
	Sequence	-edge_188_0_+disjointig_92_10961_22189 11228 -825 22190 0 11228
Edge	376	929	24	1	0	0	3	-1
	Sequence	+edge_189_0_+disjointig_186_35668_37174 1506 96 60143 35668 37174
	Sequence	+edge_189_1_-disjointig_806_22573_24078 1505 -759 33948 22573 24078
Edge	377	319	933	1	0	0	3	-1
	Sequence	-edge_189_0_+disjointig_186_35668_37174 1506 -96 60143 22968 24474
	Sequence	-edge_189_1_-disjointig_806_22573_24078 1505 759 33948 9869 11374
Edge	378	933	866	1	0	0	2	-1
	Sequence	+edge_190_0_+disjointig_806_11374_29308 17934 759 33948 11374 29308
Edge	379	943	929	1	0	0	2	-1
	Sequence	-edge_190_0_+disjointig_806_11374_29308 17934 -759 33948 4639 22573
Edge	380	561	561	1	0	0	3	2
	Sequence	+edge_191_0_+disjointig_186_37174_38299 1125 96 60143 37174 38299
Edge	381	790	790	1	0	0	3	3
	Sequence	-edge_191_0_+disjointig_186_37174_38299 1125 -96 60143 21843 22968
Edge	402	677	962	0	0	0	4	-1
	Sequence	+edge_202_0_+disjointig_190_0_9839 9839 101 9840 0 9839
Edge	403	652	819	0	0	0	4	-1
	Sequence	-edge_202_0_+disjointig_190_0_9839 9839 -101 9840 0 9839
Edge	404	886	1074	0	0	0	3	-1
	Sequence	+edge_203_0_+disjointig_191_0_14265 14265 102 14266 0 14265
Edge	405	1075	901	0	0	0	3	-1
	Sequence	-edge_203_0_+disjointig_191_0_14265 14265 -102 14266 0 14265
Edge	416	742	548	0	0	0	3	-1
	Sequence	+edge_209_0_+disjointig_196_0_15308 15308 107 15309 0 15308
Edge	417	547	923	0	0	0	3	-1
	Sequence	-edge_209_0_+disjointig_196_0_15308 15308 -107 15309 0 15308
Edge	424	542	541	0	0	0	3	-1
	Sequence	+edge_213_0_+disjointig_2_0_6997 6997 111 6998 0 6997
Edge	425	540	538	0	0	0	3	-1
	Sequence	-edge_213_0_+disjointig_2_0_6997 6997 -111 6998 0 6997
Edge	426	536	534	0	0	0	3	-1
	Sequence	+edge_214_0_+disjointig_20_0_13955 13955 112 13956 0 13955
Edge	427	533	532	0	0	0	3	-1
	Sequence	-edge_214_0_+disjointig_20_0_13955 13955 -112 13956 0 13955
Edge	430	530	529	0	0	0	3	-1
	Sequence	+edge_216_0_+disjointig_201_0_3163 3163 114 3164 0 3163
Edge	431	528	527	0	0	0	3	-1
	Sequence	-edge_216_0_+disjointig_201_0_3163 3163 -114 3164 0 3163
Edge	434	565	525	0	0	0	7	-1
	Sequence	+edge_218_0_+disjointig_204_2_3363 3361 116 14210 2 3363
	Sequence	+edge_218_1_+disjointig_474_1_3375 3374 403 14325 1 3375
Edge	435	854	864	0	0	0	7	-1
	Sequence	-edge_218_0_+disjointig_204_2_3363 3361 -116 14210 10846 14207
	Sequence	-edge_218_1_+disjointig_474_1_3375 3374 -403 14325 10949 14323
Edge	436	243	404	0	0	0	4	-1
	Sequence	+edge_219_0_+disjointig_204_3363_14209 10846 116 14210 3363 14209
Edge	437	524	68	0	0	0	4	-1
	Sequence	-edge_219_0_+disjointig_204_3363_14209 10846 -116 14210 0 10846
Edge	438	242	1227	0	0	0	3	-1
	Sequence	+edge_220_0_+disjointig_474_3375_14324 10949 403 14325 3375 14324
Edge	439	1066	549	0	0	0	3	-1
	Sequence	-edge_220_0_+disjointig_474_3375_14324 10949 -403 14325 0 10949
Edge	442	535	596	0	0	0	3	-1
	Sequence	+edge_222_0_+disjointig_206_0_6711 6711 118 6712 0 6711
Edge	443	860	521	0	0	0	3	-1
	Sequence	-edge_222_0_+disjointig_206_0_6711 6711 -118 6712 0 6711
Edge	444	518	516	0	0	0	3	-1
	Sequence	+edge_223_0_+disjointig_207_0_15295 15295 119 15296 0 15295
Edge	445	514	511	0	0	0	3	-1
	Sequence	-edge_223_0_+disjointig_207_0_15295 15295 -119 15296 0 15295
Edge	450	349	346	0	0	0	4	-1
	Sequence	+edge_226_0_+disjointig_21_0_17572 17572 122 17573 0 17572
Edge	451	507	505	0	0	0	4	-1
	Sequence	-edge_226_0_+disjointig_21_0_17572 17572 -122 17573 0 17572
Edge	452	502	500	0	0	0	3	-1
	Sequence	+edge_227_0_+disjointig_210_0_20813 20813 123 20814 0 20813
Edge	453	498	1126	0	0	0	3	-1
	Sequence	-edge_227_0_+disjointig_210_0_20813 20813 -123 20814 0 20813
Edge	460	780	566	0	0	0	3	-1
	Sequence	+edge_231_0_+disjointig_214_0_17930 17930 127 17931 0 17930
Edge	461	493	492	0	0	0	3	-1
	Sequence	-edge_231_0_+disjointig_214_0_17930 17930 -127 17931 0 17930
Edge	466	1059	1061	0	0	0	3	-1
	Sequence	+edge_234_0_+disjointig_217_0_2785 2785 130 2786 0 2785
Edge	467	950	1093	0	0	0	3	-1
	Sequence	-edge_234_0_+disjointig_217_0_2785 2785 -130 2786 0 2785
Edge	474	67	484	0	0	0	3	-1
	Sequence	+edge_238_0_+disjointig_22_2913_13636 10723 133 13637 2913 13636
Edge	475	483	740	0	0	0	3	-1
	Sequence	-edge_238_0_+disjointig_22_2913_13636 10723 -133 13637 0 10723
Edge	476	160	1019	0	0	0	9	-1
	Sequence	+edge_239_0_+disjointig_33_10435_13021 2586 246 13022 10435 13021
Edge	477	465	1292	0	0	0	9	-1
	Sequence	-edge_239_0_+disjointig_33_10435_13021 2586 -246 13022 0 2586
Edge	482	324	323	0	0	0	4	-1
	Sequence	+edge_242_0_+disjointig_221_0_19834 19834 135 19835 0 19834
Edge	483	322	479	0	0	0	4	-1
	Sequence	-edge_242_0_+disjointig_221_0_19834 19834 -135 19835 0 19834
Edge	492	778	1060	0	0	0	5	-1
	Sequence	+edge_247_0_+disjointig_224_0_6398 6398 138 6399 0 6398
Edge	493	812	473	0	0	0	5	-1
	Sequence	-edge_247_0_+disjointig_224_0_6398 6398 -138 6399 0 6398
Edge	518	1039	382	1	0	0	1	10
	Sequence	+edge_260_0_+disjointig_23_4052_11167 7115 144 50704 4052 11167
Edge	519	454	609	1	0	0	1	11
	Sequence	-edge_260_0_+disjointig_23_4052_11167 7115 -144 50704 39536 46651
Edge	520	1039	382	1	0	0	2	10
	Sequence	+edge_261_0_+disjointig_23_40696_47845 7149 144 50704 40696 47845
Edge	521	454	609	1	0	0	2	11
	Sequence	-edge_261_0_+disjointig_23_40696_47845 7149 -144 50704 2858 10007
Edge	524	691	1048	0	0	0	4	-1
	Sequence	+edge_263_0_+disjointig_230_0_1365 1365 145 1366 0 1365
Edge	525	453	931	0	0	0	4	-1
	Sequence	-edge_263_0_+disjointig_230_0_1365 1365 -145 1366 0 1365
Edge	526	583	942	0	0	0	4	-1
	Sequence	+edge_264_0_+disjointig_231_0_33127 33127 146 33128 0 33127
Edge	527	865	868	0	0	0	4	-1
	Sequence	-edge_264_0_+disjointig_231_0_33127 33127 -146 33128 0 33127
Edge	530	526	451	1	0	0	10	49
	Sequence	+edge_266_0_+disjointig_232_1348_4351 3003 147 88286 1348 4351
	Sequence	+edge_266_1_+disjointig_232_57389_60424 3035 147 88286 57389 60424
	Sequence	+edge_266_2_-disjointig_336_6790_9787 2997 -253 43002 6790 9787
Edge	531	627	452	1	0	0	10	48
	Sequence	-edge_266_0_+disjointig_232_1348_4351 3003 -147 88286 83934 86937
	Sequence	-edge_266_1_+disjointig_232_57389_60424 3035 -147 88286 27861 30896
	Sequence	-edge_266_2_-disjointig_336_6790_9787 2997 253 43002 33214 36211
Edge	536	496	1192	0	0	0	11	-1
	Sequence	+edge_269_0_+disjointig_232_4351_6386 2035 147 88286 4351 6386
	Sequence	+edge_269_1_+disjointig_232_60424_62322 1898 147 88286 60424 62322
	Sequence	+edge_269_2_-disjointig_336_38806_40677 1871 -253 43002 38806 40677
	Sequence	+edge_269_3_-disjointig_336_9787_11683 1896 -253 43002 9787 11683
Edge	537	729	22	0	0	0	11	-1
	Sequence	-edge_269_0_+disjointig_232_4351_6386 2035 -147 88286 81899 83934
	Sequence	-edge_269_1_+disjointig_232_60424_62322 1898 -147 88286 25963 27861
	Sequence	-edge_269_2_-disjointig_336_38806_40677 1871 253 43002 2324 4195
	Sequence	-edge_269_3_-disjointig_336_9787_11683 1896 253 43002 31318 33214
Edge	540	1192	21	0	0	0	16	-1
	Sequence	+edge_271_0_+disjointig_232_6386_7463 1077 147 88286 6386 7463
	Sequence	+edge_271_1_+disjointig_232_32868_34085 1217 147 88286 32868 34085
	Sequence	+edge_271_2_+disjointig_232_62322_63542 1220 147 88286 62322 63542
	Sequence	+edge_271_3_-disjointig_336_40677_41884 1207 -253 43002 40677 41884
	Sequence	+edge_271_4_-disjointig_336_11683_12906 1223 -253 43002 11683 12906
Edge	541	18	729	0	0	0	16	-1
	Sequence	-edge_271_0_+disjointig_232_6386_7463 1077 -147 88286 80822 81899
	Sequence	-edge_271_1_+disjointig_232_32868_34085 1217 -147 88286 54200 55417
	Sequence	-edge_271_2_+disjointig_232_62322_63542 1220 -147 88286 24743 25963
	Sequence	-edge_271_3_-disjointig_336_40677_41884 1207 253 43002 1117 2324
	Sequence	-edge_271_4_-disjointig_336_11683_12906 1223 253 43002 30095 31318
Edge	542	792	792	1	0	0	8	50
	Sequence	+edge_272_0_+disjointig_232_7463_8541 1078 147 88286 7463 8541
	Sequence	+edge_272_1_+disjointig_232_63542_64487 945 147 88286 63542 64487
Edge	543	387	387	1	0	0	8	51
	Sequence	-edge_272_0_+disjointig_232_7463_8541 1078 -147 88286 79744 80822
	Sequence	-edge_272_1_+disjointig_232_63542_64487 945 -147 88286 23798 24743
Edge	546	792	714	1	0	0	3	50
	Sequence	+edge_274_0_+disjointig_232_34085_36956 2871 147 88286 34085 36956
Edge	547	728	387	1	0	0	3	51
	Sequence	-edge_274_0_+disjointig_232_34085_36956 2871 -147 88286 51329 54200
Edge	550	447	445	1	0	0	3	50
	Sequence	+edge_276_0_+disjointig_232_10283_10925 642 147 88286 10283 10925
Edge	551	1088	755	1	0	0	3	51
	Sequence	-edge_276_0_+disjointig_232_10283_10925 642 -147 88286 77360 78002
Edge	552	447	714	1	0	0	6	50
	Sequence	+edge_277_0_+disjointig_232_66232_67027 795 147 88286 66232 67027
	Sequence	+edge_277_1_-disjointig_336_14865_15610 745 -253 43002 14865 15610
Edge	553	728	755	1	0	0	6	51
	Sequence	-edge_277_0_+disjointig_232_66232_67027 795 -147 88286 21258 22053
	Sequence	-edge_277_1_-disjointig_336_14865_15610 745 253 43002 27391 28136
Edge	554	20	17	0	0	0	13	-1
	Sequence	+edge_278_0_+disjointig_232_10925_12302 1377 147 88286 10925 12302
	Sequence	+edge_278_1_+disjointig_232_40835_42204 1369 147 88286 40835 42204
	Sequence	+edge_278_2_+disjointig_232_70944_72317 1373 147 88286 70944 72317
	Sequence	+edge_278_3_-disjointig_336_19255_20836 1581 -253 43002 19255 20836
Edge	555	1018	19	0	0	0	13	-1
	Sequence	-edge_278_0_+disjointig_232_10925_12302 1377 -147 88286 75983 77360
	Sequence	-edge_278_1_+disjointig_232_40835_42204 1369 -147 88286 46081 47450
	Sequence	-edge_278_2_+disjointig_232_70944_72317 1373 -147 88286 15968 17341
	Sequence	-edge_278_3_-disjointig_336_19255_20836 1581 253 43002 22165 23746
Edge	556	1088	728	1	0	0	12	51
	Sequence	+edge_279_0_-disjointig_232_47450_51329 3879 -147 88286 47450 51329
	Sequence	+edge_279_1_-disjointig_232_17341_21258 3917 -147 88286 17341 21258
	Sequence	+edge_279_2_+disjointig_336_23746_27391 3645 253 43002 23746 27391
Edge	557	714	445	1	0	0	12	50
	Sequence	-edge_279_0_-disjointig_232_47450_51329 3879 147 88286 36956 40835
	Sequence	-edge_279_1_-disjointig_232_17341_21258 3917 147 88286 67027 70944
	Sequence	-edge_279_2_+disjointig_336_23746_27391 3645 -253 43002 15610 19255
Edge	558	756	506	1	0	0	10	52
	Sequence	+edge_280_0_+disjointig_232_12302_13066 764 147 88286 12302 13066
	Sequence	+edge_280_1_+disjointig_232_42204_43256 1052 147 88286 42204 43256
	Sequence	+edge_280_2_+disjointig_232_72317_73079 762 147 88286 72317 73079
Edge	559	504	444	1	0	0	10	53
	Sequence	-edge_280_0_+disjointig_232_12302_13066 764 -147 88286 75219 75983
	Sequence	-edge_280_1_+disjointig_232_42204_43256 1052 -147 88286 45029 46081
	Sequence	-edge_280_2_+disjointig_232_72317_73079 762 -147 88286 15206 15968
Edge	560	756	1253	1	0	0	4	52
	Sequence	+edge_281_0_-disjointig_336_20836_25380 4544 -253 43002 20836 25380
Edge	561	737	444	1	0	0	4	53
	Sequence	-edge_281_0_-disjointig_336_20836_25380 4544 253 43002 17621 22165
Edge	562	506	834	1	0	0	6	52
	Sequence	+edge_282_0_+disjointig_232_13066_15041 1975 147 88286 13066 15041
	Sequence	+edge_282_1_+disjointig_232_43256_44926 1670 147 88286 43256 44926
Edge	563	443	504	1	0	0	6	53
	Sequence	-edge_282_0_+disjointig_232_13066_15041 1975 -147 88286 73244 75219
	Sequence	-edge_282_1_+disjointig_232_43256_44926 1670 -147 88286 43359 45029
Edge	564	506	118	1	0	0	3	52
	Sequence	+edge_283_0_+disjointig_232_73079_76631 3552 147 88286 73079 76631
Edge	565	1260	504	1	0	0	3	53
	Sequence	-edge_283_0_+disjointig_232_73079_76631 3552 -147 88286 11654 15206
Edge	566	834	120	1	0	0	1	52
	Sequence	+edge_284_0_+disjointig_232_15041_19964 4923 147 88286 15041 19964
Edge	567	1219	443	1	0	0	1	53
	Sequence	-edge_284_0_+disjointig_232_15041_19964 4923 -147 88286 68321 73244
Edge	568	36	577	1	0	0	0	52
	Sequence	+edge_285_0_+disjointig_232_44926_45493 567 147 88286 44926 45493
Edge	569	429	35	1	0	0	0	53
	Sequence	-edge_285_0_+disjointig_232_44926_45493 567 -147 88286 42792 43359
Edge	570	1208	441	1	0	1	12	52
	Sequence	+edge_286_0_+disjointig_232_19964_21335 1371 147 88286 19964 21335
	Sequence	+edge_286_1_+disjointig_232_48564_49937 1373 147 88286 48564 49937
	Sequence	+edge_286_2_+disjointig_232_79687_81565 1878 147 88286 79687 81565
Edge	571	439	1091	1	0	1	12	53
	Sequence	-edge_286_0_+disjointig_232_19964_21335 1371 -147 88286 66950 68321
	Sequence	-edge_286_1_+disjointig_232_48564_49937 1373 -147 88286 38348 39721
	Sequence	-edge_286_2_+disjointig_232_79687_81565 1878 -147 88286 6720 8598
Edge	572	1091	248	1	0	0	4	53
	Sequence	+edge_287_0_-disjointig_232_8598_10070 1472 -147 88286 8598 10070
Edge	573	1257	1208	1	0	0	4	52
	Sequence	-edge_287_0_-disjointig_232_8598_10070 1472 147 88286 78215 79687
Edge	574	1091	537	1	0	0	1	53
	Sequence	+edge_288_0_-disjointig_232_39721_41227 1506 -147 88286 39721 41227
Edge	575	539	1208	1	0	0	1	52
	Sequence	-edge_288_0_-disjointig_232_39721_41227 1506 147 88286 47058 48564
Edge	576	310	437	1	0	0	4	52
	Sequence	+edge_289_0_+disjointig_232_21335_24799 3464 147 88286 21335 24799
Edge	577	435	119	1	0	0	4	53
	Sequence	-edge_289_0_+disjointig_232_21335_24799 3464 -147 88286 63486 66950
Edge	580	441	610	1	0	0	6	52
	Sequence	+edge_291_0_+disjointig_232_81565_82243 678 147 88286 81565 82243
	Sequence	+edge_291_1_-disjointig_336_44_758 714 -253 43002 44 758
Edge	581	313	439	1	0	0	6	53
	Sequence	-edge_291_0_+disjointig_232_81565_82243 678 -147 88286 6042 6720
	Sequence	-edge_291_1_-disjointig_336_44_758 714 253 43002 42243 42957
Edge	584	435	951	1	0	0	1	53
	Sequence	+edge_293_0_+disjointig_336_9603_16033 6430 253 43002 9603 16033
Edge	585	249	437	1	0	0	1	52
	Sequence	-edge_293_0_+disjointig_336_9603_16033 6430 -253 43002 26968 33398
Edge	586	435	313	1	0	0	11	53
	Sequence	+edge_294_0_-disjointig_232_34356_37118 2762 -147 88286 34356 37118
	Sequence	+edge_294_1_-disjointig_232_3377_6042 2665 -147 88286 3377 6042
	Sequence	+edge_294_2_+disjointig_336_39878_42243 2365 253 43002 39878 42243
Edge	587	610	437	1	0	0	11	52
	Sequence	-edge_294_0_-disjointig_232_34356_37118 2762 147 88286 51167 53929
	Sequence	-edge_294_1_-disjointig_232_3377_6042 2665 147 88286 82243 84908
	Sequence	-edge_294_2_+disjointig_336_39878_42243 2365 -253 43002 758 3123
Edge	590	577	539	1	0	1	2	52
	Sequence	+edge_296_0_+disjointig_232_45493_47058 1565 147 88286 45493 47058
	Sequence	+edge_296_1_+disjointig_232_76631_78215 1584 147 88286 76631 78215
	Sequence	+edge_296_2_-disjointig_336_25380_26968 1588 -253 43002 25380 26968
Edge	591	537	429	1	0	1	2	53
	Sequence	-edge_296_0_+disjointig_232_45493_47058 1565 -147 88286 41227 42792
	Sequence	-edge_296_1_+disjointig_232_76631_78215 1584 -147 88286 10070 11654
	Sequence	-edge_296_2_-disjointig_336_25380_26968 1588 253 43002 16033 17621
Edge	594	426	1222	0	0	0	3	-1
	Sequence	+edge_298_0_+disjointig_234_0_3145 3145 149 3146 0 3145
Edge	595	425	485	0	0	0	3	-1
	Sequence	-edge_298_0_+disjointig_234_0_3145 3145 -149 3146 0 3145
Edge	596	1226	684	0	0	0	3	-1
	Sequence	+edge_299_0_+disjointig_235_0_6733 6733 150 6734 0 6733
Edge	597	340	338	0	0	0	3	-1
	Sequence	-edge_299_0_+disjointig_235_0_6733 6733 -150 6734 0 6733
Edge	606	421	420	0	0	0	5	-1
	Sequence	+edge_304_0_+disjointig_24_0_23203 23203 155 23204 0 23203
Edge	607	339	480	0	0	0	5	-1
	Sequence	-edge_304_0_+disjointig_24_0_23203 23203 -155 23204 0 23203
Edge	624	366	654	0	0	0	4	-1
	Sequence	+edge_313_0_+disjointig_248_0_6898 6898 164 6899 0 6898
Edge	625	407	449	0	0	0	4	-1
	Sequence	-edge_313_0_+disjointig_248_0_6898 6898 -164 6899 0 6898
Edge	632	406	405	0	0	0	3	-1
	Sequence	+edge_317_0_+disjointig_252_0_10519 10519 168 10520 0 10519
Edge	633	622	491	0	0	0	3	-1
	Sequence	-edge_317_0_+disjointig_252_0_10519 10519 -168 10520 0 10519
Edge	638	690	925	0	0	0	4	-1
	Sequence	+edge_320_0_+disjointig_255_0_33801 33801 171 33802 0 33801
Edge	639	930	383	0	0	0	4	-1
	Sequence	-edge_320_0_+disjointig_255_0_33801 33801 -171 33802 0 33801
Edge	644	481	398	0	0	0	5	-1
	Sequence	+edge_323_0_+disjointig_259_0_7103 7103 174 7104 0 7103
Edge	645	397	396	0	0	0	5	-1
	Sequence	-edge_323_0_+disjointig_259_0_7103 7103 -174 7104 0 7103
Edge	650	700	698	0	0	0	3	-1
	Sequence	+edge_326_0_+disjointig_262_0_2423 2423 177 2424 0 2423
Edge	651	835	446	0	0	0	3	-1
	Sequence	-edge_326_0_+disjointig_262_0_2423 2423 -177 2424 0 2423
Edge	652	393	1361	0	0	0	7	-1
	Sequence	+edge_327_0_+disjointig_263_0_2609 2609 178 20143 0 2609
Edge	653	1353	665	0	0	0	7	-1
	Sequence	-edge_327_0_+disjointig_263_0_2609 2609 -178 20143 17533 20142
Edge	656	1182	297	0	0	0	3	-1
	Sequence	+edge_329_0_+disjointig_612_1502_5115 3613 550 5116 1502 5115
Edge	657	908	1285	0	0	0	3	-1
	Sequence	-edge_329_0_+disjointig_612_1502_5115 3613 -550 5116 0 3613
Edge	682	374	772	0	0	0	3	-1
	Sequence	+edge_342_0_+disjointig_271_0_10947 10947 186 10948 0 10947
Edge	683	373	385	0	0	0	3	-1
	Sequence	-edge_342_0_+disjointig_271_0_10947 10947 -186 10948 0 10947
Edge	684	859	520	0	0	0	27	-1
	Sequence	+edge_343_0_+disjointig_272_0_3511 3511 187 3512 0 3511
Edge	685	371	705	0	0	0	27	-1
	Sequence	-edge_343_0_+disjointig_272_0_3511 3511 -187 3512 0 3511
Edge	688	370	1176	0	0	0	21	-1
	Sequence	+edge_345_0_+disjointig_274_0_4781 4781 189 4782 0 4781
Edge	689	1021	1024	0	0	0	21	-1
	Sequence	-edge_345_0_+disjointig_274_0_4781 4781 -189 4782 0 4781
Edge	692	892	365	0	0	0	3	-1
	Sequence	+edge_347_0_+disjointig_276_0_26462 26462 191 26463 0 26462
Edge	693	499	579	0	0	0	3	-1
	Sequence	-edge_347_0_+disjointig_276_0_26462 26462 -191 26463 0 26462
Edge	696	589	364	0	0	0	5	-1
	Sequence	+edge_349_0_+disjointig_28_0_56561 56561 194 56562 0 56561
Edge	697	363	597	0	0	0	5	-1
	Sequence	-edge_349_0_+disjointig_28_0_56561 56561 -194 56562 0 56561
Edge	706	799	409	0	0	0	3	-1
	Sequence	+edge_354_0_+disjointig_285_0_13959 13959 199 13960 0 13959
Edge	707	388	356	0	0	0	3	-1
	Sequence	-edge_354_0_+disjointig_285_0_13959 13959 -199 13960 0 13959
Edge	708	830	355	0	0	0	4	-1
	Sequence	+edge_355_0_+disjointig_286_0_6911 6911 200 6912 0 6911
Edge	709	354	353	0	0	0	4	-1
	Sequence	-edge_355_0_+disjointig_286_0_6911 6911 -200 6912 0 6911
Edge	712	771	351	0	0	0	5	-1
	Sequence	+edge_357_0_+disjointig_288_0_14239 14239 202 14240 0 14239
Edge	713	482	399	0	0	0	5	-1
	Sequence	-edge_357_0_+disjointig_288_0_14239 14239 -202 14240 0 14239
Edge	714	348	345	0	0	0	3	-1
	Sequence	+edge_358_0_+disjointig_289_0_18254 18254 203 18255 0 18254
Edge	715	342	625	0	0	0	3	-1
	Sequence	-edge_358_0_+disjointig_289_0_18254 18254 -203 18255 0 18254
Edge	716	588	1065	0	0	0	12	-1
	Sequence	+edge_359_0_+disjointig_29_0_3956 3956 204 3957 0 3956
Edge	717	422	427	0	0	0	12	-1
	Sequence	-edge_359_0_+disjointig_29_0_3956 3956 -204 3957 0 3956
Edge	722	1387	1388	0	0	0	3	-1
	Sequence	+edge_362_0_+disjointig_292_0_15953 15953 207 15954 0 15953
Edge	723	585	336	0	0	0	3	-1
	Sequence	-edge_362_0_+disjointig_292_0_15953 15953 -207 15954 0 15953
Edge	732	486	328	0	0	0	5	-1
	Sequence	+edge_367_0_+disjointig_297_0_21788 21788 212 21789 0 21788
Edge	733	327	685	0	0	0	5	-1
	Sequence	-edge_367_0_+disjointig_297_0_21788 21788 -212 21789 0 21788
Edge	738	955	103	1	0	0	3	54
	Sequence	+edge_370_0_+disjointig_299_573_2390 1817 214 55932 573 2390
	Sequence	+edge_370_1_+disjointig_299_18761_20581 1820 214 55932 18761 20581
Edge	739	104	416	1	0	0	3	55
	Sequence	-edge_370_0_+disjointig_299_573_2390 1817 -214 55932 53541 55358
	Sequence	-edge_370_1_+disjointig_299_18761_20581 1820 -214 55932 35350 37170
Edge	740	220	103	1	0	0	2	54
	Sequence	+edge_371_0_+disjointig_299_52497_54651 2154 214 55932 52497 54651
Edge	741	104	222	1	0	0	2	55
	Sequence	-edge_371_0_+disjointig_299_52497_54651 2154 -214 55932 1280 3434
Edge	754	555	1270	1	0	0	2	-1
	Sequence	+edge_378_0_+disjointig_299_5497_6784 1287 214 55932 5497 6784
	Sequence	+edge_378_1_+disjointig_299_36535_37734 1199 214 55932 36535 37734
Edge	755	111	335	1	0	0	2	-1
	Sequence	-edge_378_0_+disjointig_299_5497_6784 1287 -214 55932 49147 50434
	Sequence	-edge_378_1_+disjointig_299_36535_37734 1199 -214 55932 18197 19396
Edge	756	1128	325	1	0	0	2	-1
	Sequence	+edge_379_0_+disjointig_299_30367_31053 686 214 55932 30367 31053
	Sequence	+edge_379_1_-disjointig_546_525_1219 694 -481 4489 525 1219
Edge	757	543	1343	1	0	0	2	-1
	Sequence	-edge_379_0_+disjointig_299_30367_31053 686 -214 55932 24878 25564
	Sequence	-edge_379_1_-disjointig_546_525_1219 694 481 4489 3269 3963
Edge	758	335	543	1	0	0	2	-1
	Sequence	+edge_380_0_-disjointig_299_19396_24878 5482 -214 55932 19396 24878
Edge	759	325	555	1	0	0	2	-1
	Sequence	-edge_380_0_-disjointig_299_19396_24878 5482 214 55932 31053 36535
Edge	760	1270	110	1	0	0	1	-1
	Sequence	+edge_381_0_+disjointig_299_37734_38782 1048 214 55932 37734 38782
Edge	761	456	111	1	0	0	1	-1
	Sequence	-edge_381_0_+disjointig_299_37734_38782 1048 -214 55932 17149 18197
Edge	762	110	15	1	0	0	4	-1
	Sequence	+edge_382_0_+disjointig_299_6784_8515 1731 214 55932 6784 8515
	Sequence	+edge_382_1_+disjointig_299_38782_40519 1737 214 55932 38782 40519
Edge	763	12	456	1	0	0	4	-1
	Sequence	-edge_382_0_+disjointig_299_6784_8515 1731 -214 55932 47416 49147
	Sequence	-edge_382_1_+disjointig_299_38782_40519 1737 -214 55932 15412 17149
Edge	764	977	980	1	0	0	1	54
	Sequence	+edge_383_0_+disjointig_299_8515_14078 5563 214 55932 8515 14078
Edge	765	983	979	1	0	0	1	55
	Sequence	-edge_383_0_+disjointig_299_8515_14078 5563 -214 55932 41853 47416
Edge	766	977	958	1	0	0	1	54
	Sequence	+edge_384_0_+disjointig_299_40519_47819 7300 214 55932 40519 47819
Edge	767	1081	979	1	0	0	1	55
	Sequence	-edge_384_0_+disjointig_299_40519_47819 7300 -214 55932 8112 15412
Edge	768	620	1349	0	0	0	3	-1
	Sequence	+edge_385_0_-disjointig_546_1219_4488 3269 -481 4489 1219 4488
Edge	769	1348	440	0	0	0	3	-1
	Sequence	-edge_385_0_-disjointig_546_1219_4488 3269 481 4489 0 3269
Edge	770	375	490	0	0	0	3	-1
	Sequence	+edge_386_0_+disjointig_3_0_7214 7214 215 7215 0 7214
Edge	771	341	468	0	0	0	3	-1
	Sequence	-edge_386_0_+disjointig_3_0_7214 7214 -215 7215 0 7214
Edge	772	386	358	0	0	0	3	-1
	Sequence	+edge_387_0_+disjointig_30_0_27535 27535 216 27536 0 27535
Edge	773	603	1009	0	0	0	3	-1
	Sequence	-edge_387_0_+disjointig_30_0_27535 27535 -216 27536 0 27535
Edge	774	1386	320	0	0	0	3	-1
	Sequence	+edge_388_0_+disjointig_300_0_12339 12339 217 12340 0 12339
Edge	775	317	315	0	0	0	3	-1
	Sequence	-edge_388_0_+disjointig_300_0_12339 12339 -217 12340 0 12339
Edge	776	880	644	0	0	0	6	-1
	Sequence	+edge_389_0_+disjointig_301_0_13611 13611 218 13612 0 13611
Edge	777	337	635	0	0	0	6	-1
	Sequence	-edge_389_0_+disjointig_301_0_13611 13611 -218 13612 0 13611
Edge	788	688	573	0	0	0	3	-1
	Sequence	+edge_395_0_+disjointig_308_0_2637 2637 224 2638 0 2637
Edge	789	689	312	0	0	0	3	-1
	Sequence	-edge_395_0_+disjointig_308_0_2637 2637 -224 2638 0 2637
Edge	796	311	65	0	0	0	9	-1
	Sequence	+edge_399_0_+disjointig_313_0_2046 2046 229 3505 0 2046
Edge	797	66	975	0	0	0	9	-1
	Sequence	-edge_399_0_+disjointig_313_0_2046 2046 -229 3505 1458 3504
Edge	800	64	607	0	0	0	5	-1
	Sequence	+edge_401_0_-disjointig_8_3176_7649 4473 -751 7650 3176 7649
Edge	801	1008	63	0	0	0	5	-1
	Sequence	-edge_401_0_-disjointig_8_3176_7649 4473 751 7650 0 4473
Edge	810	982	984	0	0	0	3	-1
	Sequence	+edge_406_0_+disjointig_317_0_7220 7220 233 7221 0 7220
Edge	811	910	985	0	0	0	3	-1
	Sequence	-edge_406_0_+disjointig_317_0_7220 7220 -233 7221 0 7220
Edge	816	989	990	0	0	0	23	-1
	Sequence	+edge_409_0_+disjointig_32_101_1995 1894 236 16571 101 1995
	Sequence	+edge_409_1_-disjointig_797_2_1991 1989 -748 11489 2 1991
	Sequence	+edge_409_2_-disjointig_813_69_2125 2056 -767 14164 69 2125
Edge	817	862	991	0	0	0	23	-1
	Sequence	-edge_409_0_+disjointig_32_101_1995 1894 -236 16571 14575 16469
	Sequence	-edge_409_1_-disjointig_797_2_1991 1989 748 11489 9497 11486
	Sequence	-edge_409_2_-disjointig_813_69_2125 2056 767 14164 12038 14094
Edge	818	990	993	0	0	0	17	-1
	Sequence	+edge_410_0_+disjointig_32_1995_5184 3189 236 16571 1995 5184
	Sequence	+edge_410_1_-disjointig_813_2125_5147 3022 -767 14164 2125 5147
Edge	819	995	862	0	0	0	17	-1
	Sequence	-edge_410_0_+disjointig_32_1995_5184 3189 -236 16571 11386 14575
	Sequence	-edge_410_1_-disjointig_813_2125_5147 3022 767 14164 9016 12038
Edge	822	1389	191	0	0	0	5	-1
	Sequence	+edge_412_0_-disjointig_813_5147_14163 9016 -767 14164 5147 14163
Edge	823	192	62	0	0	0	5	-1
	Sequence	-edge_412_0_-disjointig_813_5147_14163 9016 767 14164 0 9016
Edge	830	998	632	0	0	0	3	-1
	Sequence	+edge_416_0_+disjointig_323_0_7277 7277 240 7278 0 7277
Edge	831	999	1000	0	0	0	3	-1
	Sequence	-edge_416_0_+disjointig_323_0_7277 7277 -240 7278 0 7277
Edge	834	1001	1002	0	0	0	6	-1
	Sequence	+edge_418_0_+disjointig_326_0_3010 3010 242 3011 0 3010
Edge	835	1003	1004	0	0	0	6	-1
	Sequence	-edge_418_0_+disjointig_326_0_3010 3010 -242 3011 0 3010
Edge	844	415	727	1	0	0	6	59
	Sequence	+edge_423_0_+disjointig_329_3446_8564 5118 245 14755 3446 8564
Edge	845	1010	752	1	0	0	6	58
	Sequence	-edge_423_0_+disjointig_329_3446_8564 5118 -245 14755 6190 11308
Edge	846	415	727	1	0	0	3	59
	Sequence	+edge_424_0_+disjointig_648_2729_7646 4917 589 13865 2729 7646
Edge	847	1010	752	1	0	0	3	58
	Sequence	-edge_424_0_+disjointig_648_2729_7646 4917 -589 13865 6218 11135
Edge	848	8	889	0	0	0	9	-1
	Sequence	+edge_425_0_+disjointig_329_8564_10522 1958 245 14755 8564 10522
	Sequence	+edge_425_1_+disjointig_648_7646_9603 1957 589 13865 7646 9603
Edge	849	10	9	0	0	0	9	-1
	Sequence	-edge_425_0_+disjointig_329_8564_10522 1958 -245 14755 4232 6190
	Sequence	-edge_425_1_+disjointig_648_7646_9603 1957 -589 13865 4261 6218
Edge	850	1125	1011	1	0	0	3	56
	Sequence	+edge_426_0_+disjointig_329_10522_11557 1035 245 14755 10522 11557
Edge	851	987	1127	1	0	0	3	57
	Sequence	-edge_426_0_+disjointig_329_10522_11557 1035 -245 14755 3197 4232
Edge	852	1125	1011	1	0	0	7	56
	Sequence	+edge_427_0_+disjointig_648_9603_10647 1044 589 13865 9603 10647
Edge	853	987	1127	1	0	0	7	57
	Sequence	-edge_427_0_+disjointig_648_9603_10647 1044 -589 13865 3217 4261
Edge	854	11	1012	0	0	0	10	-1
	Sequence	+edge_428_0_+disjointig_329_11557_12725 1168 245 14755 11557 12725
	Sequence	+edge_428_1_+disjointig_648_10647_11805 1158 589 13865 10647 11805
Edge	855	1013	408	0	0	0	10	-1
	Sequence	-edge_428_0_+disjointig_329_11557_12725 1168 -245 14755 2029 3197
	Sequence	-edge_428_1_+disjointig_648_10647_11805 1158 -589 13865 2059 3217
Edge	856	61	413	0	0	0	7	-1
	Sequence	+edge_429_0_+disjointig_329_12725_14754 2029 245 14755 12725 14754
Edge	857	411	60	0	0	0	7	-1
	Sequence	-edge_429_0_+disjointig_329_12725_14754 2029 -245 14755 0 2029
Edge	858	1392	268	0	0	0	4	-1
	Sequence	+edge_430_0_+disjointig_648_11805_13864 2059 589 13865 11805 13864
Edge	859	802	59	0	0	0	4	-1
	Sequence	-edge_430_0_+disjointig_648_11805_13864 2059 -589 13865 0 2059
Edge	860	712	1014	0	0	0	4	-1
	Sequence	+edge_431_0_+disjointig_33_77_1314 1237 246 13022 77 1314
	Sequence	+edge_431_1_-disjointig_449_546_1783 1237 -375 12299 546 1783
Edge	861	1016	1017	0	0	0	4	-1
	Sequence	-edge_431_0_+disjointig_33_77_1314 1237 -246 13022 11707 12944
	Sequence	-edge_431_1_-disjointig_449_546_1783 1237 375 12299 10515 11752
Edge	864	1020	1023	0	0	0	3	-1
	Sequence	+edge_433_0_+disjointig_330_0_6727 6727 247 6728 0 6727
Edge	865	334	333	0	0	0	3	-1
	Sequence	-edge_433_0_+disjointig_330_0_6727 6727 -247 6728 0 6727
Edge	866	1026	557	0	0	0	3	-1
	Sequence	+edge_434_0_+disjointig_331_0_10617 10617 248 10618 0 10617
Edge	867	478	476	0	0	0	3	-1
	Sequence	-edge_434_0_+disjointig_331_0_10617 10617 -248 10618 0 10617
Edge	878	1033	1035	0	0	0	13	-1
	Sequence	+edge_440_0_+disjointig_335_0_3091 3091 252 3092 0 3091
Edge	879	1038	838	0	0	0	13	-1
	Sequence	-edge_440_0_+disjointig_335_0_3091 3091 -252 3092 0 3091
Edge	882	1043	1045	0	0	0	3	-1
	Sequence	+edge_442_0_+disjointig_338_0_2293 2293 255 2294 0 2293
Edge	883	1213	1214	0	0	0	3	-1
	Sequence	-edge_442_0_+disjointig_338_0_2293 2293 -255 2294 0 2293
Edge	888	1220	640	0	0	0	3	-1
	Sequence	+edge_445_0_+disjointig_481_2960_31472 28512 411 31473 2960 31472
Edge	889	759	1217	0	0	0	3	-1
	Sequence	-edge_445_0_+disjointig_481_2960_31472 28512 -411 31473 0 28512
Edge	902	713	212	0	0	0	4	-1
	Sequence	+edge_452_0_+disjointig_724_3384_5770 2386 670 5771 3384 5770
Edge	903	211	1015	0	0	0	4	-1
	Sequence	-edge_452_0_+disjointig_724_3384_5770 2386 -670 5771 0 2386
Edge	904	1027	1028	0	0	0	3	-1
	Sequence	+edge_453_0_+disjointig_340_0_14456 14456 258 14457 0 14456
Edge	905	1083	1084	0	0	0	3	-1
	Sequence	-edge_453_0_+disjointig_340_0_14456 14456 -258 14457 0 14456
Edge	924	1067	800	0	0	0	3	-1
	Sequence	+edge_463_0_+disjointig_35_0_28182 28182 268 28183 0 28182
Edge	925	1069	808	0	0	0	3	-1
	Sequence	-edge_463_0_+disjointig_35_0_28182 28182 -268 28183 0 28182
Edge	930	1076	1055	0	0	0	7	-1
	Sequence	+edge_466_0_+disjointig_352_0_10271 10271 271 10272 0 10271
Edge	931	1077	758	0	0	0	7	-1
	Sequence	-edge_466_0_+disjointig_352_0_10271 10271 -271 10272 0 10271
Edge	932	1283	1284	0	0	0	3	-1
	Sequence	+edge_467_0_+disjointig_353_0_27379 27379 272 27380 0 27379
Edge	933	1286	1287	0	0	0	3	-1
	Sequence	-edge_467_0_+disjointig_353_0_27379 27379 -272 27380 0 27379
Edge	934	1288	1078	0	0	0	8	-1
	Sequence	+edge_468_0_+disjointig_354_48_3324 3276 273 19272 48 3324
	Sequence	+edge_468_1_-disjointig_354_59_3358 3299 -273 19272 59 3358
Edge	935	1079	1080	0	0	0	8	-1
	Sequence	-edge_468_0_+disjointig_354_48_3324 3276 -273 19272 15947 19223
	Sequence	-edge_468_1_-disjointig_354_59_3358 3299 273 19272 15913 19212
Edge	936	1078	1079	1	0	0	2	-1
	Sequence	+edge_469_0_+disjointig_354_3324_15913 12589 273 19272 3324 15913
Edge	937	1078	1079	1	0	0	2	-1
	Sequence	-edge_469_0_+disjointig_354_3324_15913 12589 -273 19272 3358 15947
Edge	940	1274	1340	1	0	0	1	-1
	Sequence	+edge_471_0_+disjointig_356_13586_36031 22445 275 37061 13586 36031
Edge	941	97	96	1	0	0	1	-1
	Sequence	-edge_471_0_+disjointig_356_13586_36031 22445 -275 37061 1029 23474
Edge	954	949	1094	0	0	0	3	-1
	Sequence	+edge_478_0_+disjointig_360_0_2039 2039 280 3306 0 2039
Edge	955	1095	1096	0	0	0	3	-1
	Sequence	-edge_478_0_+disjointig_360_0_2039 2039 -280 3306 1266 3305
Edge	968	1098	1099	0	0	0	3	-1
	Sequence	+edge_485_0_+disjointig_364_0_2414 2414 284 2415 0 2414
Edge	969	1319	1100	0	0	0	3	-1
	Sequence	-edge_485_0_+disjointig_364_0_2414 2414 -284 2415 0 2414
Edge	980	1052	1054	0	0	0	3	-1
	Sequence	+edge_491_0_+disjointig_37_0_9667 9667 290 9668 0 9667
Edge	981	936	1103	0	0	0	3	-1
	Sequence	-edge_491_0_+disjointig_37_0_9667 9667 -290 9668 0 9667
Edge	990	1111	487	1	0	0	6	61
	Sequence	+edge_496_0_+disjointig_371_11465_12006 541 292 36833 11465 12006
Edge	991	544	1112	1	0	0	6	60
	Sequence	-edge_496_0_+disjointig_371_11465_12006 541 -292 36833 24826 25367
Edge	992	1111	487	1	0	0	2	61
	Sequence	+edge_497_0_+disjointig_469_1726_3258 1532 397 7478 1726 3258
Edge	993	544	1112	1	0	0	2	60
	Sequence	-edge_497_0_+disjointig_469_1726_3258 1532 -397 7478 4219 5751
Edge	994	5	1113	1	0	0	6	-1
	Sequence	+edge_498_0_+disjointig_371_12006_13953 1947 292 36833 12006 13953
	Sequence	+edge_498_1_+disjointig_469_3258_5197 1939 397 7478 3258 5197
Edge	995	1114	7	1	0	0	6	-1
	Sequence	-edge_498_0_+disjointig_371_12006_13953 1947 -292 36833 22879 24826
	Sequence	-edge_498_1_+disjointig_469_3258_5197 1939 -397 7478 2280 4219
Edge	1014	1122	1124	0	0	0	3	-1
	Sequence	+edge_508_0_+disjointig_380_0_15005 15005 301 15006 0 15005
Edge	1015	1090	1123	0	0	0	3	-1
	Sequence	-edge_508_0_+disjointig_380_0_15005 15005 -301 15006 0 15005
Edge	1022	1131	1199	0	0	0	3	-1
	Sequence	+edge_512_0_+disjointig_384_0_3246 3246 305 3247 0 3246
Edge	1023	1200	1309	0	0	0	3	-1
	Sequence	-edge_512_0_+disjointig_384_0_3246 3246 -305 3247 0 3246
Edge	1024	419	828	0	0	0	3	-1
	Sequence	+edge_513_0_+disjointig_385_0_10442 10442 306 13588 0 10442
Edge	1025	55	1311	0	0	0	3	-1
	Sequence	-edge_513_0_+disjointig_385_0_10442 10442 -306 13588 3145 13587
Edge	1028	54	1183	0	0	0	14	-1
	Sequence	+edge_515_0_-disjointig_42_26819_28923 2104 -344 28924 26819 28923
Edge	1029	1181	53	0	0	0	14	-1
	Sequence	-edge_515_0_-disjointig_42_26819_28923 2104 344 28924 0 2104
Edge	1052	1136	523	0	0	0	3	-1
	Sequence	+edge_527_0_+disjointig_390_0_30820 30820 312 30821 0 30820
Edge	1053	522	852	0	0	0	3	-1
	Sequence	-edge_527_0_+disjointig_390_0_30820 30820 -312 30821 0 30820
Edge	1056	1086	546	0	0	0	3	-1
	Sequence	+edge_529_0_+disjointig_393_0_3181 3181 315 3182 0 3181
Edge	1057	934	935	0	0	0	3	-1
	Sequence	-edge_529_0_+disjointig_393_0_3181 3181 -315 3182 0 3181
Edge	1060	1137	1044	0	0	0	3	-1
	Sequence	+edge_531_0_+disjointig_396_0_14673 14673 317 14674 0 14673
Edge	1061	1138	1139	0	0	0	3	-1
	Sequence	-edge_531_0_+disjointig_396_0_14673 14673 -317 14674 0 14673
Edge	1064	670	875	0	0	0	3	-1
	Sequence	+edge_533_0_+disjointig_398_0_5141 5141 319 5142 0 5141
Edge	1065	1140	1141	0	0	0	3	-1
	Sequence	-edge_533_0_+disjointig_398_0_5141 5141 -319 5142 0 5141
Edge	1070	1143	1144	0	0	0	3	-1
	Sequence	+edge_536_0_+disjointig_40_0_35473 35473 322 35474 0 35473
Edge	1071	1146	777	0	0	0	3	-1
	Sequence	-edge_536_0_+disjointig_40_0_35473 35473 -322 35474 0 35473
Edge	1086	1158	438	0	0	0	3	-1
	Sequence	+edge_544_0_+disjointig_407_0_36812 36812 330 36813 0 36812
Edge	1087	436	1049	0	0	0	3	-1
	Sequence	-edge_544_0_+disjointig_407_0_36812 36812 -330 36813 0 36812
Edge	1090	986	924	0	0	0	3	-1
	Sequence	+edge_546_0_+disjointig_41_0_36348 36348 333 36349 0 36348
Edge	1091	954	959	0	0	0	3	-1
	Sequence	-edge_546_0_+disjointig_41_0_36348 36348 -333 36349 0 36348
Edge	1094	944	1166	0	0	0	3	-1
	Sequence	+edge_548_0_+disjointig_411_0_2822 2822 335 2823 0 2822
Edge	1095	1167	674	0	0	0	3	-1
	Sequence	-edge_548_0_+disjointig_411_0_2822 2822 -335 2823 0 2822
Edge	1096	1168	1169	0	0	0	4	-1
	Sequence	+edge_549_0_+disjointig_412_0_5658 5658 336 5659 0 5658
Edge	1097	1171	1172	0	0	0	4	-1
	Sequence	-edge_549_0_+disjointig_412_0_5658 5658 -336 5659 0 5658
Edge	1102	1334	1174	0	0	0	3	-1
	Sequence	+edge_552_0_+disjointig_415_0_4908 4908 339 4909 0 4908
Edge	1103	1175	467	0	0	0	3	-1
	Sequence	-edge_552_0_+disjointig_415_0_4908 4908 -339 4909 0 4908
Edge	1106	1022	1177	1	0	0	7	63
	Sequence	+edge_554_0_+disjointig_416_1638_5292 3654 340 13991 1638 5292
Edge	1107	1178	1025	1	0	0	7	62
	Sequence	-edge_554_0_+disjointig_416_1638_5292 3654 -340 13991 8698 12352
Edge	1108	1022	1177	1	0	0	10	63
	Sequence	+edge_555_0_-disjointig_520_6531_10193 3662 -453 18821 6531 10193
Edge	1109	1178	1025	1	0	0	10	62
	Sequence	-edge_555_0_-disjointig_520_6531_10193 3662 453 18821 8627 12289
Edge	1112	2	1134	0	0	0	16	-1
	Sequence	+edge_557_0_+disjointig_416_5292_6327 1035 340 13991 5292 6327
	Sequence	+edge_557_1_-disjointig_520_10193_11231 1038 -453 18821 10193 11231
Edge	1113	1179	4	0	0	0	16	-1
	Sequence	-edge_557_0_+disjointig_416_5292_6327 1035 -340 13991 7663 8698
	Sequence	-edge_557_1_-disjointig_520_10193_11231 1038 453 18821 7589 8627
Edge	1114	52	1298	0	0	0	6	-1
	Sequence	+edge_558_0_+disjointig_416_6327_13990 7663 340 13991 6327 13990
Edge	1115	1299	270	0	0	0	6	-1
	Sequence	-edge_558_0_+disjointig_416_6327_13990 7663 -340 13991 0 7663
Edge	1116	51	1321	0	0	0	3	-1
	Sequence	+edge_559_0_-disjointig_520_11231_18820 7589 -453 18821 11231 18820
Edge	1117	400	50	0	0	0	3	-1
	Sequence	-edge_559_0_-disjointig_520_11231_18820 7589 453 18821 0 7589
Edge	1122	832	551	0	0	0	3	-1
	Sequence	+edge_562_0_+disjointig_419_0_5064 5064 343 5065 0 5064
Edge	1123	1180	367	0	0	0	3	-1
	Sequence	-edge_562_0_+disjointig_419_0_5064 5064 -343 5065 0 5064
Edge	1134	1190	1191	0	0	0	3	-1
	Sequence	+edge_568_0_+disjointig_427_0_31217 31217 351 31218 0 31217
Edge	1135	938	1193	0	0	0	3	-1
	Sequence	-edge_568_0_+disjointig_427_0_31217 31217 -351 31218 0 31217
Edge	1136	1194	1195	0	0	0	3	-1
	Sequence	+edge_569_0_+disjointig_428_0_4808 4808 352 4809 0 4808
Edge	1137	1196	1197	0	0	0	3	-1
	Sequence	-edge_569_0_+disjointig_428_0_4808 4808 -352 4809 0 4808
Edge	1152	937	1104	0	0	0	3	-1
	Sequence	+edge_577_0_+disjointig_435_0_5246 5246 360 5247 0 5246
Edge	1153	1201	1202	0	0	0	3	-1
	Sequence	-edge_577_0_+disjointig_435_0_5246 5246 -360 5247 0 5246
Edge	1154	1203	1204	0	0	0	4	-1
	Sequence	+edge_578_0_+disjointig_436_0_12881 12881 361 12882 0 12881
Edge	1155	1056	494	0	0	0	4	-1
	Sequence	-edge_578_0_+disjointig_436_0_12881 12881 -361 12882 0 12881
Edge	1166	430	347	0	0	0	4	-1
	Sequence	+edge_584_0_+disjointig_441_0_14694 14694 367 14695 0 14694
Edge	1167	344	626	0	0	0	4	-1
	Sequence	-edge_584_0_+disjointig_441_0_14694 14694 -367 14695 0 14694
Edge	1168	1366	947	0	0	0	12	-1
	Sequence	+edge_585_0_+disjointig_442_0_2308 2308 368 2309 0 2308
Edge	1169	1209	1210	0	0	0	12	-1
	Sequence	-edge_585_0_+disjointig_442_0_2308 2308 -368 2309 0 2308
Edge	1170	1041	457	0	0	0	3	-1
	Sequence	+edge_586_0_+disjointig_443_0_13860 13860 369 13861 0 13860
Edge	1171	1211	1212	0	0	0	3	-1
	Sequence	-edge_586_0_+disjointig_443_0_13860 13860 -369 13861 0 13860
Edge	1180	1216	1218	0	0	0	4	-1
	Sequence	+edge_591_0_+disjointig_448_0_7396 7396 374 7397 0 7396
Edge	1181	1221	1224	0	0	0	4	-1
	Sequence	-edge_591_0_+disjointig_448_0_7396 7396 -374 7397 0 7396
Edge	1184	1330	1331	0	0	0	3	-1
	Sequence	+edge_593_0_+disjointig_451_0_4970 4970 378 4971 0 4970
Edge	1185	1230	1231	0	0	0	3	-1
	Sequence	-edge_593_0_+disjointig_451_0_4970 4970 -378 4971 0 4970
Edge	1188	1332	1047	0	0	0	4	-1
	Sequence	+edge_595_0_+disjointig_453_0_4194 4194 380 4195 0 4194
Edge	1189	1232	1233	0	0	0	4	-1
	Sequence	-edge_595_0_+disjointig_453_0_4194 4194 -380 4195 0 4194
Edge	1190	1234	996	0	0	0	3	-1
	Sequence	+edge_596_0_+disjointig_454_0_20990 20990 381 20991 0 20990
Edge	1191	1235	414	0	0	0	3	-1
	Sequence	-edge_596_0_+disjointig_454_0_20990 20990 -381 20991 0 20990
Edge	1192	997	1236	0	0	0	3	-1
	Sequence	+edge_597_0_+disjointig_455_0_10758 10758 382 10759 0 10758
Edge	1193	1237	1148	0	0	0	3	-1
	Sequence	-edge_597_0_+disjointig_455_0_10758 10758 -382 10759 0 10758
Edge	1198	1238	1115	0	0	0	3	-1
	Sequence	+edge_600_0_+disjointig_458_0_21797 21797 385 21798 0 21797
Edge	1199	1242	1243	0	0	0	3	-1
	Sequence	-edge_600_0_+disjointig_458_0_21797 21797 -385 21798 0 21797
Edge	1202	582	853	0	0	0	2	-1
	Sequence	+edge_602_0_+disjointig_46_0_4588 4588 387 12446 0 4588
Edge	1203	106	1244	0	0	0	2	-1
	Sequence	-edge_602_0_+disjointig_46_0_4588 4588 -387 12446 7857 12445
Edge	1204	853	1246	0	0	0	11	-1
	Sequence	+edge_603_0_+disjointig_46_4588_9354 4766 387 12446 4588 9354
	Sequence	+edge_603_1_-disjointig_81_2083_6836 4753 -763 9967 2083 6836
Edge	1205	1247	106	0	0	0	11	-1
	Sequence	-edge_603_0_+disjointig_46_4588_9354 4766 -387 12446 3091 7857
	Sequence	-edge_603_1_-disjointig_81_2083_6836 4753 763 9967 3130 7883
Edge	1208	1155	856	0	0	0	114	-1
	Sequence	+edge_605_0_+disjointig_46_9354_12445 3091 387 12446 9354 12445
Edge	1209	636	49	0	0	0	114	-1
	Sequence	-edge_605_0_+disjointig_46_9354_12445 3091 -387 12446 0 3091
Edge	1210	48	927	0	0	0	19	-1
	Sequence	+edge_606_0_-disjointig_81_6836_9966 3130 -763 9967 6836 9966
Edge	1211	963	47	0	0	0	19	-1
	Sequence	-edge_606_0_-disjointig_81_6836_9966 3130 763 9967 0 3130
Edge	1214	369	368	0	0	0	3	-1
	Sequence	+edge_608_0_+disjointig_461_0_3048 3048 389 3049 0 3048
Edge	1215	667	1248	0	0	0	3	-1
	Sequence	-edge_608_0_+disjointig_461_0_3048 3048 -389 3049 0 3048
Edge	1218	1249	1252	0	0	0	5	-1
	Sequence	+edge_610_0_+disjointig_463_0_15410 15410 391 15411 0 15410
Edge	1219	630	1256	0	0	0	5	-1
	Sequence	-edge_610_0_+disjointig_463_0_15410 15410 -391 15411 0 15410
Edge	1220	1259	1261	0	0	0	3	-1
	Sequence	+edge_611_0_+disjointig_464_0_2038 2038 392 2039 0 2038
Edge	1221	907	1263	0	0	0	3	-1
	Sequence	-edge_611_0_+disjointig_464_0_2038 2038 -392 2039 0 2038
Edge	1224	964	1264	0	0	0	4	-1
	Sequence	+edge_613_0_+disjointig_465_1442_3013 1571 393 3014 1442 3013
Edge	1225	1162	928	0	0	0	4	-1
	Sequence	-edge_613_0_+disjointig_465_1442_3013 1571 -393 3014 0 1571
Edge	1230	1265	1266	0	0	0	4	-1
	Sequence	+edge_616_0_+disjointig_466_0_13330 13330 394 13331 0 13330
Edge	1231	1268	720	0	0	0	4	-1
	Sequence	-edge_616_0_+disjointig_466_0_13330 13330 -394 13331 0 13330
Edge	1234	559	870	0	0	0	3	-1
	Sequence	+edge_618_0_+disjointig_468_0_9184 9184 396 9185 0 9184
Edge	1235	1198	1269	0	0	0	3	-1
	Sequence	-edge_618_0_+disjointig_468_0_9184 9184 -396 9185 0 9184
Edge	1256	1278	1281	0	0	0	3	-1
	Sequence	+edge_629_0_+disjointig_480_0_16971 16971 410 16972 0 16971
Edge	1257	1282	785	0	0	0	3	-1
	Sequence	-edge_629_0_+disjointig_480_0_16971 16971 -410 16972 0 16971
Edge	1264	917	919	0	0	0	4	-1
	Sequence	+edge_633_0_+disjointig_486_0_7851 7851 415 7852 0 7851
Edge	1265	676	1037	0	0	0	4	-1
	Sequence	-edge_633_0_+disjointig_486_0_7851 7851 -415 7852 0 7851
Edge	1266	1323	1324	0	0	0	3	-1
	Sequence	+edge_634_0_+disjointig_487_0_11115 11115 416 11116 0 11115
Edge	1267	574	811	0	0	0	3	-1
	Sequence	-edge_634_0_+disjointig_487_0_11115 11115 -416 11116 0 11115
Edge	1270	1189	1289	0	0	0	4	-1
	Sequence	+edge_636_0_+disjointig_489_0_14130 14130 418 14131 0 14130
Edge	1271	1290	871	0	0	0	4	-1
	Sequence	-edge_636_0_+disjointig_489_0_14130 14130 -418 14131 0 14130
Edge	1272	914	1291	0	0	0	4	-1
	Sequence	+edge_637_0_+disjointig_49_0_5058 5058 419 5059 0 5058
Edge	1273	1293	1295	0	0	0	4	-1
	Sequence	-edge_637_0_+disjointig_49_0_5058 5058 -419 5059 0 5058
Edge	1276	576	686	0	0	0	3	-1
	Sequence	+edge_639_0_+disjointig_491_0_6840 6840 421 6841 0 6840
Edge	1277	1156	1157	0	0	0	3	-1
	Sequence	-edge_639_0_+disjointig_491_0_6840 6840 -421 6841 0 6840
Edge	1284	1300	873	0	0	0	3	-1
	Sequence	+edge_643_0_+disjointig_495_0_5974 5974 425 5975 0 5974
Edge	1285	1301	1302	0	0	0	3	-1
	Sequence	-edge_643_0_+disjointig_495_0_5974 5974 -425 5975 0 5974
Edge	1286	1303	1304	0	0	0	4	-1
	Sequence	+edge_644_0_+disjointig_496_0_4800 4800 426 4801 0 4800
Edge	1287	1305	1307	0	0	0	4	-1
	Sequence	-edge_644_0_+disjointig_496_0_4800 4800 -426 4801 0 4800
Edge	1292	377	724	0	0	0	4	-1
	Sequence	+edge_647_0_+disjointig_499_0_3203 3203 429 3204 0 3203
Edge	1293	376	671	0	0	0	4	-1
	Sequence	-edge_647_0_+disjointig_499_0_3203 3203 -429 3204 0 3203
Edge	1312	1294	1297	0	0	0	3	-1
	Sequence	+edge_657_0_+disjointig_504_0_12292 12292 436 12293 0 12292
Edge	1313	1313	1314	0	0	0	3	-1
	Sequence	-edge_657_0_+disjointig_504_0_12292 12292 -436 12293 0 12292
Edge	1318	760	1315	0	0	0	3	-1
	Sequence	+edge_660_0_+disjointig_508_0_10154 10154 439 10155 0 10154
Edge	1319	1316	1317	0	0	0	3	-1
	Sequence	-edge_660_0_+disjointig_508_0_10154 10154 -439 10155 0 10154
Edge	1324	389	360	0	0	0	9	-1
	Sequence	+edge_663_0_+disjointig_510_0_14389 14389 442 14390 0 14389
Edge	1325	605	1318	0	0	0	9	-1
	Sequence	-edge_663_0_+disjointig_510_0_14389 14389 -442 14390 0 14389
Edge	1354	660	787	0	0	0	3	-1
	Sequence	+edge_678_0_+disjointig_524_0_4400 4400 457 4401 0 4400
Edge	1355	1325	1327	0	0	0	3	-1
	Sequence	-edge_678_0_+disjointig_524_0_4400 4400 -457 4401 0 4400
Edge	1366	1333	1335	0	0	0	4	-1
	Sequence	+edge_684_0_+disjointig_53_0_8654 8654 463 8655 0 8654
Edge	1367	721	823	0	0	0	4	-1
	Sequence	-edge_684_0_+disjointig_53_0_8654 8654 -463 8655 0 8654
Edge	1370	378	321	0	0	0	3	-1
	Sequence	+edge_686_0_+disjointig_532_0_2879 2879 466 2880 0 2879
Edge	1371	318	316	0	0	0	3	-1
	Sequence	-edge_686_0_+disjointig_532_0_2879 2879 -466 2880 0 2879
Edge	1384	1117	1118	0	0	0	15	-1
	Sequence	+edge_693_0_+disjointig_539_0_2354 2354 473 2355 0 2354
Edge	1385	1120	1121	0	0	0	15	-1
	Sequence	-edge_693_0_+disjointig_539_0_2354 2354 -473 2355 0 2354
Edge	1394	761	309	0	0	0	6	-1
	Sequence	+edge_698_0_+disjointig_543_0_2768 2768 478 6746 0 2768
Edge	1395	46	1342	0	0	0	6	-1
	Sequence	-edge_698_0_+disjointig_543_0_2768 2768 -478 6746 3977 6745
Edge	1396	1341	1344	0	0	0	7	-1
	Sequence	+edge_699_0_+disjointig_543_2768_3997 1229 478 6746 2768 3997
	Sequence	+edge_699_1_+disjointig_702_2760_3989 1229 647 12545 2760 3989
Edge	1397	1345	754	0	0	0	7	-1
	Sequence	-edge_699_0_+disjointig_543_2768_3997 1229 -478 6746 2748 3977
	Sequence	-edge_699_1_+disjointig_702_2760_3989 1229 -647 12545 8555 9784
Edge	1398	1147	228	0	0	0	4	-1
	Sequence	+edge_700_0_-disjointig_702_9784_12544 2760 -647 12545 9784 12544
Edge	1399	229	418	0	0	0	4	-1
	Sequence	-edge_700_0_-disjointig_702_9784_12544 2760 647 12545 0 2760
Edge	1402	1344	227	0	0	0	4	-1
	Sequence	+edge_702_0_+disjointig_702_3989_12544 8555 647 12545 3989 12544
Edge	1403	226	1345	0	0	0	4	-1
	Sequence	-edge_702_0_+disjointig_702_3989_12544 8555 -647 12545 0 8555
Edge	1404	472	562	0	0	0	3	-1
	Sequence	+edge_703_0_+disjointig_544_0_4663 4663 479 11311 0 4663
Edge	1405	794	509	0	0	0	3	-1
	Sequence	-edge_703_0_+disjointig_544_0_4663 4663 -479 11311 6647 11310
Edge	1406	562	1346	0	0	0	5	-1
	Sequence	+edge_704_0_+disjointig_544_4663_5673 1010 479 11311 4663 5673
	Sequence	+edge_704_1_+disjointig_805_1574_2590 1016 758 8982 1574 2590
Edge	1407	1347	794	0	0	0	5	-1
	Sequence	-edge_704_0_+disjointig_544_4663_5673 1010 -479 11311 5637 6647
	Sequence	-edge_704_1_+disjointig_805_1574_2590 1016 -758 8982 6391 7407
Edge	1410	1346	974	0	0	0	3	-1
	Sequence	+edge_706_0_+disjointig_544_5673_11310 5637 479 11311 5673 11310
Edge	1411	976	1347	0	0	0	3	-1
	Sequence	-edge_706_0_+disjointig_544_5673_11310 5637 -479 11311 0 5637
Edge	1426	1170	629	1	0	0	1	-1
	Sequence	+edge_714_0_+disjointig_547_28555_30901 2346 482 53028 28555 30901
Edge	1427	1255	113	1	0	0	1	-1
	Sequence	-edge_714_0_+disjointig_547_28555_30901 2346 -482 53028 22126 24472
Edge	1428	629	1050	1	0	0	2	-1
	Sequence	+edge_715_0_+disjointig_547_6989_12814 5825 482 53028 6989 12814
	Sequence	+edge_715_1_+disjointig_547_30901_36782 5881 482 53028 30901 36782
Edge	1429	372	1255	1	0	0	2	-1
	Sequence	-edge_715_0_+disjointig_547_6989_12814 5825 -482 53028 40213 46038
	Sequence	-edge_715_1_+disjointig_547_30901_36782 5881 -482 53028 16245 22126
Edge	1430	1050	95	1	0	0	1	-1
	Sequence	+edge_716_0_+disjointig_547_36782_42191 5409 482 53028 36782 42191
Edge	1431	94	372	1	0	0	1	-1
	Sequence	-edge_716_0_+disjointig_547_36782_42191 5409 -482 53028 10836 16245
Edge	1432	95	98	1	0	0	2	-1
	Sequence	+edge_717_0_+disjointig_547_12814_15186 2372 482 53028 12814 15186
	Sequence	+edge_717_1_+disjointig_547_42191_44405 2214 482 53028 42191 44405
Edge	1433	99	94	1	0	0	2	-1
	Sequence	-edge_717_0_+disjointig_547_12814_15186 2372 -482 53028 37841 40213
	Sequence	-edge_717_1_+disjointig_547_42191_44405 2214 -482 53028 8622 10836
Edge	1434	98	100	1	0	0	1	-1
	Sequence	+edge_718_0_+disjointig_547_44405_50061 5656 482 53028 44405 50061
Edge	1435	101	99	1	0	0	1	-1
	Sequence	-edge_718_0_+disjointig_547_44405_50061 5656 -482 53028 2966 8622
Edge	1442	1185	1398	0	0	0	3	-1
	Sequence	+edge_722_0_+disjointig_55_0_2753 2753 485 2754 0 2753
Edge	1443	1338	1399	0	0	0	3	-1
	Sequence	-edge_722_0_+disjointig_55_0_2753 2753 -485 2754 0 2753
Edge	1444	1186	1187	1	0	0	2	-1
	Sequence	+edge_723_0_+disjointig_550_0_41808 41808 486 63495 0 41808
Edge	1445	1356	1358	1	0	0	2	-1
	Sequence	-edge_723_0_+disjointig_550_0_41808 41808 -486 63495 21686 63494
Edge	1446	1187	704	1	0	0	4	-1
	Sequence	+edge_724_0_+disjointig_550_41808_42931 1123 486 63495 41808 42931
	Sequence	+edge_724_1_-disjointig_550_13279_14375 1096 -486 63495 13279 14375
Edge	1447	1360	1356	1	0	0	4	-1
	Sequence	-edge_724_0_+disjointig_550_41808_42931 1123 -486 63495 20563 21686
	Sequence	-edge_724_1_-disjointig_550_13279_14375 1096 486 63495 49119 50215
Edge	1450	704	1360	1	0	0	1	-1
	Sequence	+edge_726_0_+disjointig_550_42931_49119 6188 486 63495 42931 49119
Edge	1451	704	1360	1	0	0	1	-1
	Sequence	-edge_726_0_+disjointig_550_42931_49119 6188 -486 63495 14375 20563
Edge	1452	707	1362	0	0	0	3	-1
	Sequence	+edge_727_0_+disjointig_552_0_2296 2296 487 2297 0 2296
Edge	1453	1363	1365	0	0	0	3	-1
	Sequence	-edge_727_0_+disjointig_552_0_2296 2296 -487 2297 0 2296
Edge	1470	716	1273	0	0	0	3	-1
	Sequence	+edge_736_0_+disjointig_560_0_17558 17558 495 17559 0 17558
Edge	1471	1367	1368	0	0	0	3	-1
	Sequence	-edge_736_0_+disjointig_560_0_17558 17558 -495 17559 0 17558
Edge	1472	1245	1369	0	0	0	3	-1
	Sequence	+edge_737_0_+disjointig_561_0_7103 7103 496 7104 0 7103
Edge	1473	1370	1371	0	0	0	3	-1
	Sequence	-edge_737_0_+disjointig_561_0_7103 7103 -496 7104 0 7103
Edge	1482	1372	1373	0	0	0	3	-1
	Sequence	+edge_742_0_+disjointig_566_0_5594 5594 501 5595 0 5594
Edge	1483	1375	1377	0	0	0	3	-1
	Sequence	-edge_742_0_+disjointig_566_0_5594 5594 -501 5595 0 5594
Edge	1496	1357	1359	0	0	0	3	-1
	Sequence	+edge_749_0_+disjointig_572_0_3470 3470 508 3471 0 3470
Edge	1497	1381	1382	0	0	0	3	-1
	Sequence	-edge_749_0_+disjointig_572_0_3470 3470 -508 3471 0 3470
Edge	1498	1383	1384	0	0	0	6	-1
	Sequence	+edge_750_0_+disjointig_573_0_2957 2957 509 2958 0 2957
Edge	1499	612	1385	0	0	0	6	-1
	Sequence	-edge_750_0_+disjointig_573_0_2957 2957 -509 2958 0 2957
Edge	1524	1393	1241	0	0	0	5	-1
	Sequence	+edge_763_0_+disjointig_584_0_14811 14811 521 14812 0 14811
Edge	1525	1395	1397	0	0	0	5	-1
	Sequence	-edge_763_0_+disjointig_584_0_14811 14811 -521 14812 0 14811
Edge	1534	683	308	0	0	0	4	-1
	Sequence	+edge_768_0_+disjointig_59_0_14404 14404 527 14405 0 14404
Edge	1535	307	306	0	0	0	4	-1
	Sequence	-edge_768_0_+disjointig_59_0_14404 14404 -527 14405 0 14404
Edge	1552	305	329	0	0	0	5	-1
	Sequence	+edge_777_0_+disjointig_6_0_19686 19686 536 19687 0 19686
Edge	1553	304	303	0	0	0	5	-1
	Sequence	-edge_777_0_+disjointig_6_0_19686 19686 -536 19687 0 19686
Edge	1572	301	300	0	0	0	4	-1
	Sequence	+edge_787_0_+disjointig_609_0_14416 14416 546 14417 0 14416
Edge	1573	299	298	0	0	0	4	-1
	Sequence	-edge_787_0_+disjointig_609_0_14416 14416 -546 14417 0 14416
Edge	1582	296	295	0	0	0	4	-1
	Sequence	+edge_792_0_+disjointig_614_0_14811 14811 552 14812 0 14811
Edge	1583	294	293	0	0	0	4	-1
	Sequence	-edge_792_0_+disjointig_614_0_14811 14811 -552 14812 0 14811
Edge	1588	292	641	0	0	0	3	-1
	Sequence	+edge_795_0_+disjointig_617_0_19446 19446 555 19447 0 19446
Edge	1589	291	290	0	0	0	3	-1
	Sequence	-edge_795_0_+disjointig_617_0_19446 19446 -555 19447 0 19446
Edge	1594	285	284	0	0	0	3	-1
	Sequence	+edge_798_0_+disjointig_62_0_8969 8969 558 8970 0 8969
Edge	1595	283	282	0	0	0	3	-1
	Sequence	-edge_798_0_+disjointig_62_0_8969 8969 -558 8970 0 8969
Edge	1608	278	277	0	0	0	3	-1
	Sequence	+edge_805_0_+disjointig_626_0_14547 14547 565 14548 0 14547
Edge	1609	276	275	0	0	0	3	-1
	Sequence	-edge_805_0_+disjointig_626_0_14547 14547 -565 14548 0 14547
Edge	1614	273	580	0	0	0	3	-1
	Sequence	+edge_808_0_+disjointig_629_0_15470 15470 568 15471 0 15470
Edge	1615	578	763	0	0	0	3	-1
	Sequence	-edge_808_0_+disjointig_629_0_15470 15470 -568 15471 0 15470
Edge	1634	272	384	0	0	0	5	-1
	Sequence	+edge_818_0_+disjointig_638_0_2536 2536 578 2537 0 2536
Edge	1635	617	922	0	0	0	5	-1
	Sequence	-edge_818_0_+disjointig_638_0_2536 2536 -578 2537 0 2536
Edge	1660	262	261	0	0	0	3	-1
	Sequence	+edge_831_0_+disjointig_650_0_4582 4582 592 4583 0 4582
Edge	1661	1040	260	0	0	0	3	-1
	Sequence	-edge_831_0_+disjointig_650_0_4582 4582 -592 4583 0 4582
Edge	1666	259	331	0	0	0	4	-1
	Sequence	+edge_834_0_+disjointig_85_5934_10281 4347 803 10282 5934 10281
Edge	1667	161	258	0	0	0	4	-1
	Sequence	-edge_834_0_+disjointig_85_5934_10281 4347 -803 10282 0 4347
Edge	1672	257	256	0	0	0	3	-1
	Sequence	+edge_837_0_+disjointig_653_0_15749 15749 595 15750 0 15749
Edge	1673	837	631	0	0	0	3	-1
	Sequence	-edge_837_0_+disjointig_653_0_15749 15749 -595 15750 0 15749
Edge	1676	255	710	0	0	0	3	-1
	Sequence	+edge_839_0_+disjointig_655_0_16114 16114 597 16115 0 16114
Edge	1677	423	254	0	0	0	3	-1
	Sequence	-edge_839_0_+disjointig_655_0_16114 16114 -597 16115 0 16114
Edge	1680	253	252	0	0	0	3	-1
	Sequence	+edge_841_0_+disjointig_657_0_5133 5133 599 5134 0 5133
Edge	1681	251	250	0	0	0	3	-1
	Sequence	-edge_841_0_+disjointig_657_0_5133 5133 -599 5134 0 5133
Edge	1724	289	288	0	0	0	4	-1
	Sequence	+edge_863_0_+disjointig_678_0_2606 2606 621 2607 0 2606
Edge	1725	287	286	0	0	0	4	-1
	Sequence	-edge_863_0_+disjointig_678_0_2606 2606 -621 2607 0 2606
Edge	1728	896	825	0	0	0	5	-1
	Sequence	+edge_865_0_+disjointig_68_0_13857 13857 623 13858 0 13857
Edge	1729	281	280	0	0	0	5	-1
	Sequence	-edge_865_0_+disjointig_68_0_13857 13857 -623 13858 0 13857
Edge	1730	279	241	0	0	0	5	-1
	Sequence	+edge_866_0_+disjointig_680_0_6849 6849 624 6850 0 6849
Edge	1731	240	239	0	0	0	5	-1
	Sequence	-edge_866_0_+disjointig_680_0_6849 6849 -624 6850 0 6849
Edge	1756	237	1082	0	0	0	3	-1
	Sequence	+edge_879_0_+disjointig_694_0_14343 14343 638 14344 0 14343
Edge	1757	236	570	0	0	0	3	-1
	Sequence	-edge_879_0_+disjointig_694_0_14343 14343 -638 14344 0 14343
Edge	1768	233	232	0	0	0	3	-1
	Sequence	+edge_885_0_+disjointig_70_0_2234 2234 644 2235 0 2234
Edge	1769	231	1042	0	0	0	3	-1
	Sequence	-edge_885_0_+disjointig_70_0_2234 2234 -644 2235 0 2234
Edge	1774	225	224	0	0	0	5	-1
	Sequence	+edge_888_0_+disjointig_703_0_2560 2560 648 2561 0 2560
Edge	1775	223	221	0	0	0	5	-1
	Sequence	-edge_888_0_+disjointig_703_0_2560 2560 -648 2561 0 2560
Edge	1808	219	218	0	0	0	3	-1
	Sequence	+edge_905_0_+disjointig_72_0_44993 44993 665 44994 0 44993
Edge	1809	217	216	0	0	0	3	-1
	Sequence	-edge_905_0_+disjointig_72_0_44993 44993 -665 44994 0 44993
Edge	1812	215	214	0	0	0	3	-1
	Sequence	+edge_907_0_+disjointig_721_0_3505 3505 667 3506 0 3505
Edge	1813	213	1329	0	0	0	3	-1
	Sequence	-edge_907_0_+disjointig_721_0_3505 3505 -667 3506 0 3505
Edge	1828	1153	517	0	0	0	10	-1
	Sequence	+edge_915_0_+disjointig_73_0_4227 4227 676 16236 0 4227
Edge	1829	43	791	0	0	0	10	-1
	Sequence	-edge_915_0_+disjointig_73_0_4227 4227 -676 16236 12008 16235
Edge	1830	471	1154	0	0	0	11	-1
	Sequence	+edge_916_0_+disjointig_73_4227_16229 12002 676 16236 4227 16229
	Sequence	+edge_916_1_+disjointig_94_4298_16526 12228 827 16528 4298 16526
Edge	1831	826	680	0	0	0	11	-1
	Sequence	-edge_916_0_+disjointig_73_4227_16229 12002 -676 16236 6 12008
	Sequence	-edge_916_1_+disjointig_94_4298_16526 12228 -827 16528 1 12229
Edge	1832	807	133	0	0	0	3	-1
	Sequence	+edge_917_0_-disjointig_94_12229_16527 4298 -827 16528 12229 16527
Edge	1833	134	1007	0	0	0	3	-1
	Sequence	-edge_917_0_-disjointig_94_12229_16527 4298 827 16528 0 4298
Edge	1840	210	209	0	0	0	5	-1
	Sequence	+edge_921_0_+disjointig_733_0_4795 4795 680 4796 0 4795
Edge	1841	208	207	0	0	0	5	-1
	Sequence	-edge_921_0_+disjointig_733_0_4795 4795 -680 4796 0 4795
Edge	1854	1225	1228	0	0	0	4	-1
	Sequence	+edge_928_0_+disjointig_74_0_13988 13988 687 13989 0 13988
Edge	1855	206	205	0	0	0	4	-1
	Sequence	-edge_928_0_+disjointig_74_0_13988 13988 -687 13989 0 13988
Edge	1876	204	203	0	0	0	6	-1
	Sequence	+edge_939_0_+disjointig_75_0_20565 20565 697 20566 0 20565
Edge	1877	202	201	0	0	0	6	-1
	Sequence	-edge_939_0_+disjointig_75_0_20565 20565 -697 20566 0 20565
Edge	1896	200	199	0	0	0	3	-1
	Sequence	+edge_949_0_+disjointig_759_0_4693 4693 707 4694 0 4693
Edge	1897	198	197	0	0	0	3	-1
	Sequence	-edge_949_0_+disjointig_759_0_4693 4693 -707 4694 0 4693
Edge	1964	188	187	0	0	0	4	-1
	Sequence	+edge_983_0_+disjointig_790_0_7866 7866 741 7867 0 7866
Edge	1965	186	185	0	0	0	4	-1
	Sequence	-edge_983_0_+disjointig_790_0_7866 7866 -741 7867 0 7866
Edge	1976	184	183	0	0	0	4	-1
	Sequence	+edge_989_0_+disjointig_796_0_2268 2268 747 2269 0 2268
Edge	1977	182	181	0	0	0	4	-1
	Sequence	-edge_989_0_+disjointig_796_0_2268 2268 -747 2269 0 2268
Edge	1980	179	178	0	0	0	5	-1
	Sequence	+edge_991_0_+disjointig_80_0_37482 37482 752 37483 0 37482
Edge	1981	177	176	0	0	0	5	-1
	Sequence	-edge_991_0_+disjointig_80_0_37482 37482 -752 37483 0 37482
Edge	1994	1250	628	0	0	0	4	-1
	Sequence	+edge_998_0_+disjointig_808_0_2637 2637 761 2638 0 2637
Edge	1995	1254	952	0	0	0	4	-1
	Sequence	-edge_998_0_+disjointig_808_0_2637 2637 -761 2638 0 2637
Edge	2002	815	247	0	0	0	4	-1
	Sequence	+edge_1002_0_+disjointig_812_0_2733 2733 766 7568 0 2733
Edge	2003	174	172	0	0	0	4	-1
	Sequence	-edge_1002_0_+disjointig_812_0_2733 2733 -766 7568 4834 7567
Edge	2006	961	234	0	0	0	11	-1
	Sequence	+edge_1004_0_+disjointig_88_4789_16968 12179 820 16969 4789 16968
Edge	2007	144	244	0	0	0	11	-1
	Sequence	-edge_1004_0_+disjointig_88_4789_16968 12179 -820 16969 0 12179
Edge	2008	1262	194	0	0	0	3	-1
	Sequence	+edge_1005_0_+disjointig_812_5130_7567 2437 766 7568 5130 7567
Edge	2009	193	245	0	0	0	3	-1
	Sequence	-edge_1005_0_+disjointig_812_5130_7567 2437 -766 7568 0 2437
Edge	2010	926	145	0	0	0	21	-1
	Sequence	+edge_1006_0_-disjointig_88_14579_16968 2389 -820 16969 14579 16968
Edge	2011	146	1355	0	0	0	21	-1
	Sequence	-edge_1006_0_-disjointig_88_14579_16968 2389 820 16969 0 2389
Edge	2034	169	302	0	0	0	3	-1
	Sequence	+edge_1018_0_+disjointig_826_0_2483 2483 779 2484 0 2483
Edge	2035	410	433	0	0	0	3	-1
	Sequence	-edge_1018_0_+disjointig_826_0_2483 2483 -779 2484 0 2483
Edge	2042	1306	168	0	0	0	6	-1
	Sequence	+edge_1022_0_+disjointig_83_0_8219 8219 783 8220 0 8219
Edge	2043	167	166	0	0	0	6	-1
	Sequence	-edge_1022_0_+disjointig_83_0_8219 8219 -783 8220 0 8219
Edge	2058	165	164	0	0	0	3	-1
	Sequence	+edge_1030_0_+disjointig_840_0_2587 2587 793 2588 0 2587
Edge	2059	442	163	0	0	0	3	-1
	Sequence	-edge_1030_0_+disjointig_840_0_2587 2587 -793 2588 0 2587
Edge	2074	361	390	0	0	0	3	-1
	Sequence	+edge_1038_0_+disjointig_849_0_5377 5377 802 5378 0 5377
Edge	2075	940	656	0	0	0	3	-1
	Sequence	-edge_1038_0_+disjointig_849_0_5377 5377 -802 5378 0 5377
Edge	2094	159	428	0	0	0	6	-1
	Sequence	+edge_1048_0_+disjointig_860_0_2658 2658 813 2659 0 2658
Edge	2095	158	157	0	0	0	6	-1
	Sequence	-edge_1048_0_+disjointig_860_0_2658 2658 -813 2659 0 2658
Edge	2100	156	155	0	0	0	3	-1
	Sequence	+edge_1051_0_+disjointig_863_0_12412 12412 816 12413 0 12412
Edge	2101	154	153	0	0	0	3	-1
	Sequence	-edge_1051_0_+disjointig_863_0_12412 12412 -816 12413 0 12412
Edge	2104	152	151	0	0	0	3	-1
	Sequence	+edge_1053_0_+disjointig_865_0_28553 28553 818 28554 0 28553
Edge	2105	150	149	0	0	0	3	-1
	Sequence	-edge_1053_0_+disjointig_865_0_28553 28553 -818 28554 0 28553
Edge	2114	143	142	0	0	0	3	-1
	Sequence	+edge_1058_0_+disjointig_9_0_3601 3601 822 3602 0 3601
Edge	2115	141	140	0	0	0	3	-1
	Sequence	-edge_1058_0_+disjointig_9_0_3601 3601 -822 3602 0 3601
Edge	2116	139	138	0	0	0	4	-1
	Sequence	+edge_1059_0_+disjointig_90_0_16835 16835 823 16836 0 16835
Edge	2117	912	137	0	0	0	4	-1
	Sequence	-edge_1059_0_+disjointig_90_0_16835 16835 -823 16836 0 16835
Edge	2122	269	132	0	0	0	3	-1
	Sequence	+edge_1062_0_+disjointig_95_0_23676 23676 828 23677 0 23676
Edge	2123	131	130	0	0	0	3	-1
	Sequence	-edge_1062_0_+disjointig_95_0_23676 23676 -828 23677 0 23676
Edge	2128	513	510	0	0	0	3	-1
	Sequence	+edge_1065_0_+disjointig_98_0_11913 11913 831 11914 0 11913
Edge	2129	128	127	0	0	0	3	-1
	Sequence	-edge_1065_0_+disjointig_98_0_11913 11913 -831 11914 0 11913
Edge	2134	1272	1272	0	0	0	3	-1
	Sequence	+edge_1068_0_+disjointig_120_4090_33944 29854 25 33946 4090 33944
Edge	2135	448	448	0	0	0	3	-1
	Sequence	-edge_1068_0_+disjointig_120_4090_33944 29854 -25 33946 1 29855
Edge	2136	765	109	0	0	0	3	-1
	Sequence	+edge_1069_0_+disjointig_122_0_8696 8696 27 13195 0 8696
Edge	2137	1119	643	0	0	0	3	-1
	Sequence	-edge_1069_0_+disjointig_122_0_8696 8696 -27 13195 4498 13194
Edge	2138	1165	402	0	0	0	4	-1
	Sequence	+edge_1070_0_+disjointig_587_7555_21690 14135 524 21691 7555 21690
Edge	2139	401	246	0	0	0	4	-1
	Sequence	-edge_1070_0_+disjointig_587_7555_21690 14135 -524 21691 0 14135
Edge	2140	600	592	0	0	0	4	-1
	Sequence	+edge_1071_0_+disjointig_125_1743_8226 6483 30 10070 1743 8226
	Sequence	+edge_1071_1_-disjointig_161_1766_7854 6088 -69 37200 1766 7854
Edge	2141	804	749	0	0	0	4	-1
	Sequence	-edge_1071_0_+disjointig_125_1743_8226 6483 -30 10070 1843 8326
	Sequence	-edge_1071_1_-disjointig_161_1766_7854 6088 69 37200 29345 35433
Edge	2142	1105	31	0	0	0	27	-1
	Sequence	+edge_1072_0_+disjointig_370_3_4462 4459 291 30029 3 4462
	Sequence	+edge_1072_1_+disjointig_45_6_3368 3362 376 30796 6 3368
Edge	2143	32	1135	0	0	0	27	-1
	Sequence	-edge_1072_0_+disjointig_370_3_4462 4459 -291 30029 25566 30025
	Sequence	-edge_1072_1_+disjointig_45_6_3368 3362 -376 30796 27427 30789
Edge	2146	1145	1145	0	0	0	5	-1
	Sequence	+edge_1074_0_+disjointig_147_1344_28143 26799 53 32310 1344 28143
Edge	2147	776	776	0	0	0	5	-1
	Sequence	-edge_1074_0_+disjointig_147_1344_28143 26799 -53 32310 4166 30965
Edge	2148	767	850	0	0	0	3	-1
	Sequence	+edge_1075_0_+disjointig_148_0_13096 13096 54 17227 0 13096
Edge	2149	545	666	0	0	0	3	-1
	Sequence	-edge_1075_0_+disjointig_148_0_13096 13096 -54 17227 4130 17226
Edge	2150	29	26	0	0	0	9	-1
	Sequence	+edge_1076_0_+disjointig_164_25193_27755 2562 72 33158 25193 27755
	Sequence	+edge_1076_1_+disjointig_422_27418_29980 2562 347 35839 27418 29980
Edge	2151	27	584	0	0	0	9	-1
	Sequence	-edge_1076_0_+disjointig_164_25193_27755 2562 -72 33158 5402 7964
	Sequence	-edge_1076_1_+disjointig_422_27418_29980 2562 -347 35839 5858 8420
Edge	2152	1046	902	0	0	0	8	-1
	Sequence	+edge_1077_0_-disjointig_34_14510_36771 22261 -257 45910 14510 36771
Edge	2153	619	941	0	0	0	8	-1
	Sequence	-edge_1077_0_-disjointig_34_14510_36771 22261 257 45910 9138 31399
Edge	2154	851	553	0	0	0	6	-1
	Sequence	+edge_1078_0_+disjointig_186_0_34013 34013 96 60143 0 34013
Edge	2155	981	824	0	0	0	6	-1
	Sequence	-edge_1078_0_+disjointig_186_0_34013 34013 -96 60143 26129 60142
Edge	2156	497	943	1	0	0	4	-1
	Sequence	+edge_1079_0_+disjointig_186_38299_49570 11271 96 60143 38299 49570
Edge	2157	866	1070	1	0	0	4	-1
	Sequence	-edge_1079_0_+disjointig_186_38299_49570 11271 -96 60143 10572 21843
Edge	2158	956	956	1	0	0	2	-1
	Sequence	+edge_1080_0_+disjointig_193_1414_34838 33424 104 34840 1414 34838
Edge	2159	960	960	1	0	0	2	-1
	Sequence	-edge_1080_0_+disjointig_193_1414_34838 33424 -104 34840 1 33425
Edge	2160	1014	515	0	0	0	9	-1
	Sequence	+edge_1081_0_+disjointig_33_1314_10435 9121 246 13022 1314 10435
Edge	2161	512	1016	0	0	0	9	-1
	Sequence	-edge_1081_0_+disjointig_33_1314_10435 9121 -246 13022 2586 11707
Edge	2162	477	477	0	0	0	5	-1
	Sequence	+edge_1082_0_+disjointig_223_6223_12091 5868 137 14750 6223 12091
Edge	2163	1351	1351	0	0	0	5	-1
	Sequence	-edge_1082_0_+disjointig_223_6223_12091 5868 -137 14750 2658 8526
Edge	2164	894	1	0	0	0	3	-1
	Sequence	+edge_1083_0_+disjointig_23_11167_40696 29529 144 50704 11167 40696
Edge	2165	0	189	0	0	0	3	-1
	Sequence	-edge_1083_0_+disjointig_23_11167_40696 29529 -144 50704 10007 39536
Edge	2166	434	526	1	0	0	14	49
	Sequence	+edge_1084_0_+disjointig_232_26194_28223 2029 147 88286 26194 28223
	Sequence	+edge_1084_1_+disjointig_232_55356_57389 2033 147 88286 55356 57389
	Sequence	+edge_1084_2_+disjointig_232_86239_88284 2045 147 88286 86239 88284
	Sequence	+edge_1084_3_-disjointig_336_4747_6790 2043 -253 43002 4747 6790
Edge	2167	452	432	1	0	0	14	48
	Sequence	-edge_1084_0_+disjointig_232_26194_28223 2029 -147 88286 60062 62091
	Sequence	-edge_1084_1_+disjointig_232_55356_57389 2033 -147 88286 30896 32929
	Sequence	-edge_1084_2_+disjointig_232_86239_88284 2045 -147 88286 1 2046
	Sequence	-edge_1084_3_-disjointig_336_4747_6790 2043 253 43002 36211 38254
Edge	2168	792	447	1	0	0	15	50
	Sequence	+edge_1085_0_+disjointig_232_8541_10283 1742 147 88286 8541 10283
	Sequence	+edge_1085_1_+disjointig_232_64487_66232 1745 147 88286 64487 66232
	Sequence	+edge_1085_2_-disjointig_336_12906_14865 1959 -253 43002 12906 14865
Edge	2169	755	387	1	0	0	15	51
	Sequence	-edge_1085_0_+disjointig_232_8541_10283 1742 -147 88286 78002 79744
	Sequence	-edge_1085_1_+disjointig_232_64487_66232 1745 -147 88286 22053 23798
	Sequence	-edge_1085_2_-disjointig_336_12906_14865 1959 253 43002 28136 30095
Edge	2170	16	23	0	0	0	15	-1
	Sequence	+edge_1086_0_+disjointig_232_24799_26194 1395 147 88286 24799 26194
	Sequence	+edge_1086_1_+disjointig_232_53929_55356 1427 147 88286 53929 55356
	Sequence	+edge_1086_2_+disjointig_232_84908_86239 1331 147 88286 84908 86239
	Sequence	+edge_1086_3_-disjointig_336_33398_34709 1311 -253 43002 33398 34709
	Sequence	+edge_1086_4_-disjointig_336_3123_4747 1624 -253 43002 3123 4747
Edge	2171	844	1058	0	0	0	15	-1
	Sequence	-edge_1086_0_+disjointig_232_24799_26194 1395 -147 88286 62091 63486
	Sequence	-edge_1086_1_+disjointig_232_53929_55356 1427 -147 88286 32929 34356
	Sequence	-edge_1086_2_+disjointig_232_84908_86239 1331 -147 88286 2046 3377
	Sequence	-edge_1086_3_-disjointig_336_33398_34709 1311 253 43002 8292 9603
	Sequence	-edge_1086_4_-disjointig_336_3123_4747 1624 253 43002 38254 39878
Edge	2172	392	362	0	0	0	3	-1
	Sequence	+edge_1087_0_+disjointig_263_2609_20142 17533 178 20143 2609 20142
Edge	2173	391	694	0	0	0	3	-1
	Sequence	-edge_1087_0_+disjointig_263_2609_20142 17533 -178 20143 0 17533
Edge	2174	980	955	1	0	1	4	54
	Sequence	+edge_1088_0_+disjointig_299_14078_18761 4683 214 55932 14078 18761
	Sequence	+edge_1088_1_+disjointig_299_47819_52497 4678 214 55932 47819 52497
Edge	2175	416	983	1	0	1	4	55
	Sequence	-edge_1088_0_+disjointig_299_14078_18761 4683 -214 55932 37170 41853
	Sequence	-edge_1088_1_+disjointig_299_47819_52497 4678 -214 55932 3434 8112
Edge	2176	14	380	1	0	0	1	-1
	Sequence	+edge_1089_0_+disjointig_299_20581_28843 8262 214 55932 20581 28843
Edge	2177	326	13	1	0	0	1	-1
	Sequence	-edge_1089_0_+disjointig_299_20581_28843 8262 -214 55932 27088 35350
Edge	2178	380	1128	1	0	0	2	-1
	Sequence	+edge_1090_0_+disjointig_299_3935_5497 1562 214 55932 3935 5497
	Sequence	+edge_1090_1_+disjointig_299_28843_30367 1524 214 55932 28843 30367
Edge	2179	1343	326	1	0	0	2	-1
	Sequence	-edge_1090_0_+disjointig_299_3935_5497 1562 -214 55932 50434 51996
	Sequence	-edge_1090_1_+disjointig_299_28843_30367 1524 -214 55932 25564 27088
Edge	2180	972	623	0	0	0	7	-1
	Sequence	+edge_1091_0_+disjointig_8_4473_7649 3176 751 7650 4473 7649
Edge	2181	180	973	0	0	0	7	-1
	Sequence	-edge_1091_0_+disjointig_8_4473_7649 3176 -751 7650 0 3176
Edge	2182	417	786	0	0	0	10	-1
	Sequence	+edge_1092_0_+disjointig_329_0_3446 3446 245 14755 0 3446
Edge	2183	1092	1006	0	0	0	10	-1
	Sequence	-edge_1092_0_+disjointig_329_0_3446 3446 -245 14755 11308 14754
Edge	2184	1030	1030	1	0	0	1	-1
	Sequence	+edge_1093_0_+disjointig_334_7175_40853 33678 251 44275 7175 40853
Edge	2185	1031	1031	1	0	0	1	-1
	Sequence	-edge_1093_0_+disjointig_334_7175_40853 33678 -251 44275 3421 37099
Edge	2188	941	713	0	0	0	7	-1
	Sequence	+edge_1095_0_+disjointig_34_31399_40941 9542 257 45910 31399 40941
Edge	2189	1015	1046	0	0	0	7	-1
	Sequence	-edge_1095_0_+disjointig_34_31399_40941 9542 -257 45910 4968 14510
Edge	2190	1062	1062	0	0	0	6	-1
	Sequence	+edge_1096_0_+disjointig_348_4667_12061 7394 266 12063 4667 12061
Edge	2191	1063	1063	0	0	0	6	-1
	Sequence	-edge_1096_0_+disjointig_348_4667_12061 7394 -266 12063 1 7395
Edge	2192	1340	1274	1	0	0	2	-1
	Sequence	+edge_1097_0_+disjointig_356_65_6758 6693 275 37061 65 6758
	Sequence	+edge_1097_1_+disjointig_356_6758_13586 6828 275 37061 6758 13586
Edge	2193	96	97	1	0	0	2	-1
	Sequence	-edge_1097_0_+disjointig_356_65_6758 6693 -275 37061 30302 36995
	Sequence	-edge_1097_1_+disjointig_356_6758_13586 6828 -275 37061 23474 30302
Edge	2194	1094	238	0	0	0	3	-1
	Sequence	+edge_1098_0_+disjointig_69_9155_20851 11696 634 20852 9155 20851
Edge	2195	784	1095	0	0	0	3	-1
	Sequence	-edge_1098_0_+disjointig_69_9155_20851 11696 -634 20852 0 11696
Edge	2196	1113	1109	1	0	0	2	-1
	Sequence	+edge_1099_0_+disjointig_371_13953_36831 22878 292 36833 13953 36831
Edge	2197	900	1114	1	0	0	2	-1
	Sequence	-edge_1099_0_+disjointig_371_13953_36831 22878 -292 36833 1 22879
Edge	2198	1109	1239	1	0	0	4	-1
	Sequence	+edge_1100_0_+disjointig_371_4001_11465 7464 292 36833 4001 11465
Edge	2199	6	900	1	0	0	4	-1
	Sequence	-edge_1100_0_+disjointig_371_4001_11465 7464 -292 36833 25367 32831
Edge	2200	708	1184	0	0	0	14	-1
	Sequence	+edge_1101_0_+disjointig_42_2104_28923 26819 344 28924 2104 28923
Edge	2201	1207	1129	0	0	0	14	-1
	Sequence	-edge_1101_0_+disjointig_42_2104_28923 26819 -344 28924 0 26819
Edge	2202	1322	774	0	0	0	1	-1
	Sequence	+edge_1102_0_-disjointig_520_0_6531 6531 -453 18821 0 6531
Edge	2203	3	616	0	0	0	1	-1
	Sequence	-edge_1102_0_-disjointig_520_0_6531 6531 453 18821 12289 18820
Edge	2204	107	266	0	0	0	16	-1
	Sequence	+edge_1103_0_-disjointig_65_6925_13884 6959 -591 13885 6925 13884
Edge	2205	267	108	0	0	0	16	-1
	Sequence	-edge_1103_0_-disjointig_65_6925_13884 6959 591 13885 0 6959
Edge	2206	1276	964	0	0	0	6	-1
	Sequence	+edge_1104_0_+disjointig_48_0_10826 10826 409 15763 0 10826
Edge	2207	928	1277	0	0	0	6	-1
	Sequence	-edge_1104_0_+disjointig_48_0_10826 10826 -409 15763 4936 15762
Edge	2208	1101	1101	0	0	0	5	-1
	Sequence	+edge_1105_0_+disjointig_52_13583_46612 33029 452 46614 13583 46612
Edge	2209	1320	1320	0	0	0	5	-1
	Sequence	-edge_1105_0_+disjointig_52_13583_46612 33029 -452 46614 1 33030
Edge	2212	112	101	1	0	0	1	-1
	Sequence	+edge_1107_0_-disjointig_547_27616_37841 10225 -482 53028 27616 37841
Edge	2213	100	114	1	0	0	1	-1
	Sequence	-edge_1107_0_-disjointig_547_27616_37841 10225 482 53028 15186 25411
Edge	2214	1394	1394	0	0	0	4	-1
	Sequence	+edge_1108_0_+disjointig_56_1678_30960 29282 494 30971 1678 30960
Edge	2215	1396	1396	0	0	0	4	-1
	Sequence	-edge_1108_0_+disjointig_56_1678_30960 29282 -494 30971 10 29292
Edge	2216	682	682	0	0	0	7	-1
	Sequence	+edge_1109_0_+disjointig_58_21045_55714 34669 516 55716 21045 55714
Edge	2217	1391	1391	0	0	0	7	-1
	Sequence	-edge_1109_0_+disjointig_58_21045_55714 34669 -516 55716 1 34670
Edge	2218	357	259	0	0	0	6	-1
	Sequence	+edge_1110_0_+disjointig_85_0_5934 5934 803 10282 0 5934
Edge	2219	258	602	0	0	0	6	-1
	Sequence	-edge_1110_0_+disjointig_85_0_5934 5934 -803 10282 4347 10281
Edge	2220	594	594	1	0	0	2	-1
	Sequence	+edge_1111_0_+disjointig_743_4524_10659 6135 691 10782 4524 10659
Edge	2221	488	488	1	0	0	2	-1
	Sequence	-edge_1111_0_+disjointig_743_4524_10659 6135 -691 10782 122 6257
Edge	2222	1005	1005	0	0	0	7	-1
	Sequence	+edge_1112_0_+disjointig_755_2502_9722 7220 703 9726 2502 9722
Edge	2223	1380	1380	0	0	0	7	-1
	Sequence	-edge_1112_0_+disjointig_755_2502_9722 7220 -703 9726 3 7223
Edge	2224	939	939	0	0	0	19	-1
	Sequence	+edge_1113_0_+disjointig_77_17007_53524 36517 718 91006 17007 53524
	Sequence	+edge_1113_1_+disjointig_77_53524_90232 36708 718 91006 53524 90232
Edge	2225	770	770	0	0	0	19	-1
	Sequence	-edge_1113_0_+disjointig_77_17007_53524 36517 -718 91006 37481 73998
	Sequence	-edge_1113_1_+disjointig_77_53524_90232 36708 -718 91006 773 37481
Edge	2226	148	148	0	0	0	6	-1
	Sequence	+edge_1114_0_+disjointig_867_3360_13107 9747 819 24607 3360 13107
	Sequence	+edge_1114_1_+disjointig_867_13107_22859 9752 819 24607 13107 22859
Edge	2227	147	147	0	0	0	6	-1
	Sequence	-edge_1114_0_+disjointig_867_3360_13107 9747 -819 24607 11499 21246
	Sequence	-edge_1114_1_+disjointig_867_13107_22859 9752 -819 24607 1747 11499
Edge	2228	196	126	0	0	0	5	-1
	Sequence	+edge_1115_0_-c85cf679-4cdf-45eb-a67c-07e9971f87a7_8371_9709 1338 * 0 0 0
Edge	2229	125	124	0	0	0	5	-1
	Sequence	-edge_1115_0_-c85cf679-4cdf-45eb-a67c-07e9971f87a7_8371_9709 1338 * 0 0 0
Edge	2230	123	122	0	0	0	6	-1
	Sequence	+edge_1116_0_-87f2fa0e-d8ed-4e08-9780-17caac3c7a25_8163_9523 1360 * 0 0 0
Edge	2231	495	1310	0	0	0	6	-1
	Sequence	-edge_1116_0_-87f2fa0e-d8ed-4e08-9780-17caac3c7a25_8163_9523 1360 * 0 0 0
Edge	2232	121	789	0	0	0	6	-1
	Sequence	+edge_1117_0_-c85cf679-4cdf-45eb-a67c-07e9971f87a7_11554_14747 3193 * 0 0 0
Edge	2233	195	581	0	0	0	6	-1
	Sequence	-edge_1117_0_-c85cf679-4cdf-45eb-a67c-07e9971f87a7_11554_14747 3193 * 0 0 0
Edge	2234	988	855	0	0	0	8	-1
	Sequence	+edge_1118_0_-87f2fa0e-d8ed-4e08-9780-17caac3c7a25_10952_13674 2722 * 0 0 0
Edge	2235	1151	1089	0	0	0	8	-1
	Sequence	-edge_1118_0_-87f2fa0e-d8ed-4e08-9780-17caac3c7a25_10952_13674 2722 * 0 0 0
Edge	2236	120	310	1	0	0	2	52
	Sequence	+edge_1119_0_+cfe0c18d-255f-458c-b4c5-740cc0eefa2d_10699_12105 1406 * 0 0 0
Edge	2237	119	1219	1	0	0	2	53
	Sequence	-edge_1119_0_+cfe0c18d-255f-458c-b4c5-740cc0eefa2d_10699_12105 1406 * 0 0 0
Edge	2238	1253	249	1	0	0	2	52
	Sequence	+edge_1120_0_+62086846-6d43-4f0b-8064-f8e6f5adb9bf_4450_6043 1593 * 0 0 0
Edge	2239	951	737	1	0	0	2	53
	Sequence	-edge_1120_0_+62086846-6d43-4f0b-8064-f8e6f5adb9bf_4450_6043 1593 * 0 0 0
Edge	2240	118	1257	1	0	0	3	52
	Sequence	+edge_1121_0_+d26d9f77-48d2-484c-b42a-42518ca0e322_5271_6860 1589 * 0 0 0
Edge	2241	248	1260	1	0	0	3	53
	Sequence	-edge_1121_0_+d26d9f77-48d2-484c-b42a-42518ca0e322_5271_6860 1589 * 0 0 0
Edge	2242	247	1262	0	0	0	3	-1
	Sequence	+edge_1122_0_-0069bf79-3c33-4bd8-acd2-30e77c40278f_11423_13820 2397 * 0 0 0
Edge	2243	245	174	0	0	0	3	-1
	Sequence	-edge_1122_0_-0069bf79-3c33-4bd8-acd2-30e77c40278f_11423_13820 2397 * 0 0 0
Edge	2244	244	926	0	0	0	16	-1
	Sequence	+edge_1123_0_+2a7314d8-9fea-4549-93db-fbcc8aa47836_11851_14245 2394 * 0 0 0
Edge	2245	1355	961	0	0	0	16	-1
	Sequence	-edge_1123_0_+2a7314d8-9fea-4549-93db-fbcc8aa47836_11851_14245 2394 * 0 0 0
Edge	2246	881	1161	1	0	0	9	43
	Sequence	+edge_1124_0_+2a395e6d-31a4-4558-99e9-0378114ad725_11103_14558 3455 * 0 0 0
Edge	2247	1163	173	1	0	0	9	42
	Sequence	-edge_1124_0_+2a395e6d-31a4-4558-99e9-0378114ad725_11103_14558 3455 * 0 0 0
Edge	2248	833	1267	1	0	0	10	43
	Sequence	+edge_1125_0_-6874475d-085a-4a27-a511-751cdccbdb99_11851_15229 3378 * 0 0 0
Edge	2249	117	719	1	0	0	10	42
	Sequence	-edge_1125_0_-6874475d-085a-4a27-a511-751cdccbdb99_11851_15229 3378 * 0 0 0
Edge	2250	958	220	1	0	0	1	54
	Sequence	+edge_1126_0_+8f9a4196-9ea6-4d41-a9b8-3182f935d350_30439_35134 4695 * 0 0 0
Edge	2251	222	1081	1	0	0	1	55
	Sequence	-edge_1126_0_+8f9a4196-9ea6-4d41-a9b8-3182f935d350_30439_35134 4695 * 0 0 0
Edge	2254	114	1170	1	0	0	1	-1
	Sequence	+edge_1128_0_+3fbf28ac-3448-4429-824a-c6d01ce51bbc_10242_13387 3145 * 0 0 0
Edge	2255	113	112	1	0	0	1	-1
	Sequence	-edge_1128_0_+3fbf28ac-3448-4429-824a-c6d01ce51bbc_10242_13387 3145 * 0 0 0
Edge	2258	34	1102	0	0	0	8	-1
	Sequence	+edge_1130_haplotype 1027 * 0 0 0
Edge	2259	966	33	0	0	0	8	-1
	Sequence	-edge_1130_haplotype 1027 * 0 0 0
Edge	2260	746	32	0	0	0	24	-1
	Sequence	+edge_1131_haplotype 16326 * 0 0 0
Edge	2261	31	932	0	0	0	24	-1
	Sequence	-edge_1131_haplotype 16326 * 0 0 0
Edge	2262	30	29	0	0	0	14	-1
	Sequence	+edge_1132_haplotype 26016 * 0 0 0
Edge	2263	584	28	0	0	0	14	-1
	Sequence	-edge_1132_haplotype 26016 * 0 0 0
Edge	2264	633	27	0	0	0	12	-1
	Sequence	+edge_1133_haplotype 2271 * 0 0 0
Edge	2265	26	25	0	0	0	12	-1
	Sequence	-edge_1133_haplotype 2271 * 0 0 0
Edge	2266	24	497	1	0	0	3	-1
	Sequence	+edge_1134_haplotype 1125 * 0 0 0
Edge	2267	1070	319	1	0	0	3	-1
	Sequence	-edge_1134_haplotype 1125 * 0 0 0
Edge	2268	22	844	0	0	0	13	-1
	Sequence	+edge_1135_haplotype 4097 * 0 0 0
Edge	2269	23	496	0	0	0	13	-1
	Sequence	-edge_1135_haplotype 4097 * 0 0 0
Edge	2270	21	20	0	0	0	14	-1
	Sequence	+edge_1136_haplotype 6750 * 0 0 0
Edge	2271	19	18	0	0	0	14	-1
	Sequence	-edge_1136_haplotype 6750 * 0 0 0
Edge	2272	17	16	0	0	0	14	-1
	Sequence	+edge_1137_haplotype 12567 * 0 0 0
Edge	2273	1058	1018	0	0	0	14	-1
	Sequence	-edge_1137_haplotype 12567 * 0 0 0
Edge	2274	15	14	1	0	0	2	-1
	Sequence	+edge_1138_haplotype 14149 * 0 0 0
Edge	2275	13	12	1	0	0	2	-1
	Sequence	-edge_1138_haplotype 14149 * 0 0 0
Edge	2276	889	11	0	0	0	9	-1
	Sequence	+edge_1139_haplotype 1035 * 0 0 0
Edge	2277	408	10	0	0	0	9	-1
	Sequence	-edge_1139_haplotype 1035 * 0 0 0
Edge	2278	9	1092	0	0	0	9	-1
	Sequence	+edge_1140_haplotype 4917 * 0 0 0
Edge	2279	786	8	0	0	0	9	-1
	Sequence	-edge_1140_haplotype 4917 * 0 0 0
Edge	2280	7	6	1	0	0	5	-1
	Sequence	+edge_1141_haplotype 1532 * 0 0 0
Edge	2281	1239	5	1	0	0	5	-1
	Sequence	-edge_1141_haplotype 1532 * 0 0 0
Edge	2282	4	3	0	0	0	8	-1
	Sequence	+edge_1142_haplotype 3654 * 0 0 0
Edge	2283	774	2	0	0	0	8	-1
	Sequence	-edge_1142_haplotype 3654 * 0 0 0
Edge	2284	1	894	0	0	0	3	-1
	Sequence	+edge_1143_haplotype 7115 * 0 0 0
Edge	2285	189	0	0	0	0	3	-1
	Sequence	-edge_1143_haplotype 7115 * 0 0 0
